Listing of POP Phase Cross-Section Data

File : D:\BTS\R_fu_05.zos
Title: 
Date : 2026/6/29


Phase X-Cross section surface 3 
Beam wavelength is 1.00000 µm in the media with index 1.00000 at 0.0000 (deg)
Center, Y = 0.0000E+00
Beam Width X = 1.17870E-01, Y = 1.17870E-01 Millimeters
Grid size (X by Y): 2048 by 2048


  X Coordinate	    Phase (rad)
 -1.024000E-01	  2.876700E+00
 -1.023000E-01	  2.874228E+00
 -1.022000E-01	  2.871758E+00
 -1.021000E-01	  2.869291E+00
 -1.020000E-01	  2.866825E+00
 -1.019000E-01	  2.864362E+00
 -1.018000E-01	  2.861901E+00
 -1.017000E-01	  2.859442E+00
 -1.016000E-01	  2.856985E+00
 -1.015000E-01	  2.854530E+00
 -1.014000E-01	  2.852077E+00
 -1.013000E-01	  2.849627E+00
 -1.012000E-01	  2.847178E+00
 -1.011000E-01	  2.844732E+00
 -1.010000E-01	  2.842288E+00
 -1.009000E-01	  2.839846E+00
 -1.008000E-01	  2.837406E+00
 -1.007000E-01	  2.834968E+00
 -1.006000E-01	  2.832533E+00
 -1.005000E-01	  2.830099E+00
 -1.004000E-01	  2.827668E+00
 -1.003000E-01	  2.825239E+00
 -1.002000E-01	  2.822812E+00
 -1.001000E-01	  2.820387E+00
 -1.000000E-01	  2.817964E+00
 -9.990000E-02	  2.815543E+00
 -9.980000E-02	  2.813125E+00
 -9.970000E-02	  2.810708E+00
 -9.960000E-02	  2.808294E+00
 -9.950000E-02	  2.805882E+00
 -9.940000E-02	  2.803472E+00
 -9.930000E-02	  2.801064E+00
 -9.920000E-02	  2.798659E+00
 -9.910000E-02	  2.796255E+00
 -9.900000E-02	  2.793854E+00
 -9.890000E-02	  2.791454E+00
 -9.880000E-02	  2.789057E+00
 -9.870000E-02	  2.786662E+00
 -9.860000E-02	  2.784270E+00
 -9.850000E-02	  2.781879E+00
 -9.840000E-02	  2.779490E+00
 -9.830000E-02	  2.777104E+00
 -9.820000E-02	  2.774720E+00
 -9.810000E-02	  2.772338E+00
 -9.800000E-02	  2.769958E+00
 -9.790000E-02	  2.767580E+00
 -9.780000E-02	  2.765205E+00
 -9.770000E-02	  2.762831E+00
 -9.760000E-02	  2.760460E+00
 -9.750000E-02	  2.758091E+00
 -9.740000E-02	  2.755724E+00
 -9.730000E-02	  2.753359E+00
 -9.720000E-02	  2.750997E+00
 -9.710000E-02	  2.748636E+00
 -9.700000E-02	  2.746278E+00
 -9.690000E-02	  2.743922E+00
 -9.680000E-02	  2.741568E+00
 -9.670000E-02	  2.739216E+00
 -9.660000E-02	  2.736866E+00
 -9.650000E-02	  2.734519E+00
 -9.640000E-02	  2.732173E+00
 -9.630000E-02	  2.729830E+00
 -9.620000E-02	  2.727489E+00
 -9.610000E-02	  2.725151E+00
 -9.600000E-02	  2.722814E+00
 -9.590000E-02	  2.720479E+00
 -9.580000E-02	  2.718147E+00
 -9.570000E-02	  2.715817E+00
 -9.560000E-02	  2.713489E+00
 -9.550000E-02	  2.711163E+00
 -9.540000E-02	  2.708840E+00
 -9.530000E-02	  2.706518E+00
 -9.520000E-02	  2.704199E+00
 -9.510000E-02	  2.701882E+00
 -9.500000E-02	  2.699567E+00
 -9.490000E-02	  2.697254E+00
 -9.480000E-02	  2.694944E+00
 -9.470000E-02	  2.692635E+00
 -9.460000E-02	  2.690329E+00
 -9.450000E-02	  2.688025E+00
 -9.440000E-02	  2.685723E+00
 -9.430000E-02	  2.683423E+00
 -9.420000E-02	  2.681126E+00
 -9.410000E-02	  2.678831E+00
 -9.400000E-02	  2.676538E+00
 -9.390000E-02	  2.674247E+00
 -9.380000E-02	  2.671958E+00
 -9.370000E-02	  2.669671E+00
 -9.360000E-02	  2.667387E+00
 -9.350000E-02	  2.665105E+00
 -9.340000E-02	  2.662825E+00
 -9.330000E-02	  2.660547E+00
 -9.320000E-02	  2.658271E+00
 -9.310000E-02	  2.655998E+00
 -9.300000E-02	  2.653727E+00
 -9.290000E-02	  2.651458E+00
 -9.280000E-02	  2.649191E+00
 -9.270000E-02	  2.646926E+00
 -9.260000E-02	  2.644664E+00
 -9.250000E-02	  2.642404E+00
 -9.240000E-02	  2.640146E+00
 -9.230000E-02	  2.637890E+00
 -9.220000E-02	  2.635636E+00
 -9.210000E-02	  2.633385E+00
 -9.200000E-02	  2.631135E+00
 -9.190000E-02	  2.628888E+00
 -9.180000E-02	  2.626643E+00
 -9.170000E-02	  2.624401E+00
 -9.160000E-02	  2.622160E+00
 -9.150000E-02	  2.619922E+00
 -9.140000E-02	  2.617686E+00
 -9.130000E-02	  2.615452E+00
 -9.120000E-02	  2.613221E+00
 -9.110000E-02	  2.610991E+00
 -9.100000E-02	  2.608764E+00
 -9.090000E-02	  2.606539E+00
 -9.080000E-02	  2.604316E+00
 -9.070000E-02	  2.602095E+00
 -9.060000E-02	  2.599877E+00
 -9.050000E-02	  2.597661E+00
 -9.040000E-02	  2.595447E+00
 -9.030000E-02	  2.593235E+00
 -9.020000E-02	  2.591026E+00
 -9.010000E-02	  2.588818E+00
 -9.000000E-02	  2.586613E+00
 -8.990000E-02	  2.584410E+00
 -8.980000E-02	  2.582210E+00
 -8.970000E-02	  2.580011E+00
 -8.960000E-02	  2.577815E+00
 -8.950000E-02	  2.575621E+00
 -8.940000E-02	  2.573429E+00
 -8.930000E-02	  2.571239E+00
 -8.920000E-02	  2.569052E+00
 -8.910000E-02	  2.566867E+00
 -8.900000E-02	  2.564684E+00
 -8.890000E-02	  2.562503E+00
 -8.880000E-02	  2.560325E+00
 -8.870000E-02	  2.558148E+00
 -8.860000E-02	  2.555974E+00
 -8.850000E-02	  2.553803E+00
 -8.840000E-02	  2.551633E+00
 -8.830000E-02	  2.549466E+00
 -8.820000E-02	  2.547300E+00
 -8.810000E-02	  2.545138E+00
 -8.800000E-02	  2.542977E+00
 -8.790000E-02	  2.540818E+00
 -8.780000E-02	  2.538662E+00
 -8.770000E-02	  2.536508E+00
 -8.760000E-02	  2.534356E+00
 -8.750000E-02	  2.532207E+00
 -8.740000E-02	  2.530060E+00
 -8.730000E-02	  2.527915E+00
 -8.720000E-02	  2.525772E+00
 -8.710000E-02	  2.523631E+00
 -8.700000E-02	  2.521493E+00
 -8.690000E-02	  2.519357E+00
 -8.680000E-02	  2.517223E+00
 -8.670000E-02	  2.515091E+00
 -8.660000E-02	  2.512962E+00
 -8.650000E-02	  2.510835E+00
 -8.640000E-02	  2.508710E+00
 -8.630000E-02	  2.506587E+00
 -8.620000E-02	  2.504467E+00
 -8.610000E-02	  2.502348E+00
 -8.600000E-02	  2.500232E+00
 -8.590000E-02	  2.498119E+00
 -8.580000E-02	  2.496007E+00
 -8.570000E-02	  2.493898E+00
 -8.560000E-02	  2.491791E+00
 -8.550000E-02	  2.489686E+00
 -8.540000E-02	  2.487584E+00
 -8.530000E-02	  2.485484E+00
 -8.520000E-02	  2.483386E+00
 -8.510000E-02	  2.481290E+00
 -8.500000E-02	  2.479196E+00
 -8.490000E-02	  2.477105E+00
 -8.480000E-02	  2.475016E+00
 -8.470000E-02	  2.472929E+00
 -8.460000E-02	  2.470845E+00
 -8.450000E-02	  2.468763E+00
 -8.440000E-02	  2.466683E+00
 -8.430000E-02	  2.464605E+00
 -8.420000E-02	  2.462530E+00
 -8.410000E-02	  2.460456E+00
 -8.400000E-02	  2.458385E+00
 -8.390000E-02	  2.456317E+00
 -8.380000E-02	  2.454250E+00
 -8.370000E-02	  2.452186E+00
 -8.360000E-02	  2.450124E+00
 -8.350000E-02	  2.448065E+00
 -8.340000E-02	  2.446007E+00
 -8.330000E-02	  2.443952E+00
 -8.320000E-02	  2.441899E+00
 -8.310000E-02	  2.439849E+00
 -8.300000E-02	  2.437800E+00
 -8.290000E-02	  2.435754E+00
 -8.280000E-02	  2.433710E+00
 -8.270000E-02	  2.431669E+00
 -8.260000E-02	  2.429630E+00
 -8.250000E-02	  2.427593E+00
 -8.240000E-02	  2.425558E+00
 -8.230000E-02	  2.423525E+00
 -8.220000E-02	  2.421495E+00
 -8.210000E-02	  2.419467E+00
 -8.200000E-02	  2.417442E+00
 -8.190000E-02	  2.415418E+00
 -8.180000E-02	  2.413397E+00
 -8.170000E-02	  2.411378E+00
 -8.160000E-02	  2.409362E+00
 -8.150000E-02	  2.407348E+00
 -8.140000E-02	  2.405336E+00
 -8.130000E-02	  2.403326E+00
 -8.120000E-02	  2.401318E+00
 -8.110000E-02	  2.399313E+00
 -8.100000E-02	  2.397310E+00
 -8.090000E-02	  2.395310E+00
 -8.080000E-02	  2.393311E+00
 -8.070000E-02	  2.391315E+00
 -8.060000E-02	  2.389321E+00
 -8.050000E-02	  2.387330E+00
 -8.040000E-02	  2.385341E+00
 -8.030000E-02	  2.383354E+00
 -8.020000E-02	  2.381369E+00
 -8.010000E-02	  2.379387E+00
 -8.000000E-02	  2.377407E+00
 -7.990000E-02	  2.375429E+00
 -7.980000E-02	  2.373453E+00
 -7.970000E-02	  2.371480E+00
 -7.960000E-02	  2.369509E+00
 -7.950000E-02	  2.367540E+00
 -7.940000E-02	  2.365574E+00
 -7.930000E-02	  2.363610E+00
 -7.920000E-02	  2.361648E+00
 -7.910000E-02	  2.359689E+00
 -7.900000E-02	  2.357732E+00
 -7.890000E-02	  2.355777E+00
 -7.880000E-02	  2.353824E+00
 -7.870000E-02	  2.351874E+00
 -7.860000E-02	  2.349926E+00
 -7.850000E-02	  2.347980E+00
 -7.840000E-02	  2.346036E+00
 -7.830000E-02	  2.344095E+00
 -7.820000E-02	  2.342156E+00
 -7.810000E-02	  2.340220E+00
 -7.800000E-02	  2.338286E+00
 -7.790000E-02	  2.336354E+00
 -7.780000E-02	  2.334424E+00
 -7.770000E-02	  2.332497E+00
 -7.760000E-02	  2.330572E+00
 -7.750000E-02	  2.328649E+00
 -7.740000E-02	  2.326728E+00
 -7.730000E-02	  2.324810E+00
 -7.720000E-02	  2.322894E+00
 -7.710000E-02	  2.320981E+00
 -7.700000E-02	  2.319070E+00
 -7.690000E-02	  2.317161E+00
 -7.680000E-02	  2.315254E+00
 -7.670000E-02	  2.313350E+00
 -7.660000E-02	  2.311448E+00
 -7.650000E-02	  2.309548E+00
 -7.640000E-02	  2.307651E+00
 -7.630000E-02	  2.305756E+00
 -7.620000E-02	  2.303863E+00
 -7.610000E-02	  2.301972E+00
 -7.600000E-02	  2.300084E+00
 -7.590000E-02	  2.298198E+00
 -7.580000E-02	  2.296315E+00
 -7.570000E-02	  2.294434E+00
 -7.560000E-02	  2.292555E+00
 -7.550000E-02	  2.290678E+00
 -7.540000E-02	  2.288804E+00
 -7.530000E-02	  2.286932E+00
 -7.520000E-02	  2.285062E+00
 -7.510000E-02	  2.283195E+00
 -7.500000E-02	  2.281330E+00
 -7.490000E-02	  2.279467E+00
 -7.480000E-02	  2.277607E+00
 -7.470000E-02	  2.275749E+00
 -7.460000E-02	  2.273893E+00
 -7.450000E-02	  2.272040E+00
 -7.440000E-02	  2.270189E+00
 -7.430000E-02	  2.268340E+00
 -7.420000E-02	  2.266493E+00
 -7.410000E-02	  2.264649E+00
 -7.400000E-02	  2.262807E+00
 -7.390000E-02	  2.260968E+00
 -7.380000E-02	  2.259131E+00
 -7.370000E-02	  2.257296E+00
 -7.360000E-02	  2.255464E+00
 -7.350000E-02	  2.253633E+00
 -7.340000E-02	  2.251806E+00
 -7.330000E-02	  2.249980E+00
 -7.320000E-02	  2.248157E+00
 -7.310000E-02	  2.246336E+00
 -7.300000E-02	  2.244517E+00
 -7.290000E-02	  2.242701E+00
 -7.280000E-02	  2.240887E+00
 -7.270000E-02	  2.239076E+00
 -7.260000E-02	  2.237267E+00
 -7.250000E-02	  2.235460E+00
 -7.240000E-02	  2.233655E+00
 -7.230000E-02	  2.231853E+00
 -7.220000E-02	  2.230053E+00
 -7.210000E-02	  2.228256E+00
 -7.200000E-02	  2.226461E+00
 -7.190000E-02	  2.224668E+00
 -7.180000E-02	  2.222877E+00
 -7.170000E-02	  2.221089E+00
 -7.160000E-02	  2.219303E+00
 -7.150000E-02	  2.217520E+00
 -7.140000E-02	  2.215739E+00
 -7.130000E-02	  2.213960E+00
 -7.120000E-02	  2.212183E+00
 -7.110000E-02	  2.210409E+00
 -7.100000E-02	  2.208637E+00
 -7.090000E-02	  2.206868E+00
 -7.080000E-02	  2.205101E+00
 -7.070000E-02	  2.203336E+00
 -7.060000E-02	  2.201574E+00
 -7.050000E-02	  2.199814E+00
 -7.040000E-02	  2.198056E+00
 -7.030000E-02	  2.196301E+00
 -7.020000E-02	  2.194548E+00
 -7.010000E-02	  2.192797E+00
 -7.000000E-02	  2.191049E+00
 -6.990000E-02	  2.189303E+00
 -6.980000E-02	  2.187559E+00
 -6.970000E-02	  2.185818E+00
 -6.960000E-02	  2.184079E+00
 -6.950000E-02	  2.182342E+00
 -6.940000E-02	  2.180608E+00
 -6.930000E-02	  2.178876E+00
 -6.920000E-02	  2.177147E+00
 -6.910000E-02	  2.175419E+00
 -6.900000E-02	  2.173695E+00
 -6.890000E-02	  2.171972E+00
 -6.880000E-02	  2.170252E+00
 -6.870000E-02	  2.168534E+00
 -6.860000E-02	  2.166819E+00
 -6.850000E-02	  2.165106E+00
 -6.840000E-02	  2.163395E+00
 -6.830000E-02	  2.161687E+00
 -6.820000E-02	  2.159981E+00
 -6.810000E-02	  2.158277E+00
 -6.800000E-02	  2.156576E+00
 -6.790000E-02	  2.154877E+00
 -6.780000E-02	  2.153181E+00
 -6.770000E-02	  2.151487E+00
 -6.760000E-02	  2.149795E+00
 -6.750000E-02	  2.148106E+00
 -6.740000E-02	  2.146418E+00
 -6.730000E-02	  2.144734E+00
 -6.720000E-02	  2.143051E+00
 -6.710000E-02	  2.141372E+00
 -6.700000E-02	  2.139694E+00
 -6.690000E-02	  2.138019E+00
 -6.680000E-02	  2.136346E+00
 -6.670000E-02	  2.134675E+00
 -6.660000E-02	  2.133007E+00
 -6.650000E-02	  2.131342E+00
 -6.640000E-02	  2.129678E+00
 -6.630000E-02	  2.128017E+00
 -6.620000E-02	  2.126359E+00
 -6.610000E-02	  2.124702E+00
 -6.600000E-02	  2.123048E+00
 -6.590000E-02	  2.121397E+00
 -6.580000E-02	  2.119748E+00
 -6.570000E-02	  2.118101E+00
 -6.560000E-02	  2.116457E+00
 -6.550000E-02	  2.114815E+00
 -6.540000E-02	  2.113175E+00
 -6.530000E-02	  2.111538E+00
 -6.520000E-02	  2.109903E+00
 -6.510000E-02	  2.108270E+00
 -6.500000E-02	  2.106640E+00
 -6.490000E-02	  2.105012E+00
 -6.480000E-02	  2.103387E+00
 -6.470000E-02	  2.101764E+00
 -6.460000E-02	  2.100143E+00
 -6.450000E-02	  2.098525E+00
 -6.440000E-02	  2.096909E+00
 -6.430000E-02	  2.095296E+00
 -6.420000E-02	  2.093685E+00
 -6.410000E-02	  2.092076E+00
 -6.400000E-02	  2.090470E+00
 -6.390000E-02	  2.088866E+00
 -6.380000E-02	  2.087264E+00
 -6.370000E-02	  2.085665E+00
 -6.360000E-02	  2.084068E+00
 -6.350000E-02	  2.082474E+00
 -6.340000E-02	  2.080882E+00
 -6.330000E-02	  2.079292E+00
 -6.320000E-02	  2.077705E+00
 -6.310000E-02	  2.076120E+00
 -6.300000E-02	  2.074538E+00
 -6.290000E-02	  2.072958E+00
 -6.280000E-02	  2.071380E+00
 -6.270000E-02	  2.069805E+00
 -6.260000E-02	  2.068232E+00
 -6.250000E-02	  2.066662E+00
 -6.240000E-02	  2.065093E+00
 -6.230000E-02	  2.063528E+00
 -6.220000E-02	  2.061964E+00
 -6.210000E-02	  2.060404E+00
 -6.200000E-02	  2.058845E+00
 -6.190000E-02	  2.057289E+00
 -6.180000E-02	  2.055735E+00
 -6.170000E-02	  2.054184E+00
 -6.160000E-02	  2.052635E+00
 -6.150000E-02	  2.051088E+00
 -6.140000E-02	  2.049544E+00
 -6.130000E-02	  2.048002E+00
 -6.120000E-02	  2.046463E+00
 -6.110000E-02	  2.044926E+00
 -6.100000E-02	  2.043392E+00
 -6.090000E-02	  2.041860E+00
 -6.080000E-02	  2.040330E+00
 -6.070000E-02	  2.038802E+00
 -6.060000E-02	  2.037277E+00
 -6.050000E-02	  2.035755E+00
 -6.040000E-02	  2.034235E+00
 -6.030000E-02	  2.032717E+00
 -6.020000E-02	  2.031202E+00
 -6.010000E-02	  2.029689E+00
 -6.000000E-02	  2.028178E+00
 -5.990000E-02	  2.026670E+00
 -5.980000E-02	  2.025165E+00
 -5.970000E-02	  2.023661E+00
 -5.960000E-02	  2.022160E+00
 -5.950000E-02	  2.020662E+00
 -5.940000E-02	  2.019166E+00
 -5.930000E-02	  2.017672E+00
 -5.920000E-02	  2.016181E+00
 -5.910000E-02	  2.014692E+00
 -5.900000E-02	  2.013206E+00
 -5.890000E-02	  2.011722E+00
 -5.880000E-02	  2.010240E+00
 -5.870000E-02	  2.008761E+00
 -5.860000E-02	  2.007284E+00
 -5.850000E-02	  2.005810E+00
 -5.840000E-02	  2.004338E+00
 -5.830000E-02	  2.002868E+00
 -5.820000E-02	  2.001401E+00
 -5.810000E-02	  1.999937E+00
 -5.800000E-02	  1.998474E+00
 -5.790000E-02	  1.997014E+00
 -5.780000E-02	  1.995557E+00
 -5.770000E-02	  1.994102E+00
 -5.760000E-02	  1.992649E+00
 -5.750000E-02	  1.991199E+00
 -5.740000E-02	  1.989751E+00
 -5.730000E-02	  1.988306E+00
 -5.720000E-02	  1.986863E+00
 -5.710000E-02	  1.985423E+00
 -5.700000E-02	  1.983984E+00
 -5.690000E-02	  1.982549E+00
 -5.680000E-02	  1.981116E+00
 -5.670000E-02	  1.979685E+00
 -5.660000E-02	  1.978256E+00
 -5.650000E-02	  1.976830E+00
 -5.640000E-02	  1.975407E+00
 -5.630000E-02	  1.973986E+00
 -5.620000E-02	  1.972567E+00
 -5.610000E-02	  1.971151E+00
 -5.600000E-02	  1.969737E+00
 -5.590000E-02	  1.968325E+00
 -5.580000E-02	  1.966916E+00
 -5.570000E-02	  1.965510E+00
 -5.560000E-02	  1.964106E+00
 -5.550000E-02	  1.962704E+00
 -5.540000E-02	  1.961305E+00
 -5.530000E-02	  1.959908E+00
 -5.520000E-02	  1.958513E+00
 -5.510000E-02	  1.957121E+00
 -5.500000E-02	  1.955732E+00
 -5.490000E-02	  1.954345E+00
 -5.480000E-02	  1.952960E+00
 -5.470000E-02	  1.951578E+00
 -5.460000E-02	  1.950198E+00
 -5.450000E-02	  1.948821E+00
 -5.440000E-02	  1.947446E+00
 -5.430000E-02	  1.946073E+00
 -5.420000E-02	  1.944703E+00
 -5.410000E-02	  1.943335E+00
 -5.400000E-02	  1.941970E+00
 -5.390000E-02	  1.940607E+00
 -5.380000E-02	  1.939247E+00
 -5.370000E-02	  1.937889E+00
 -5.360000E-02	  1.936534E+00
 -5.350000E-02	  1.935181E+00
 -5.340000E-02	  1.933830E+00
 -5.330000E-02	  1.932482E+00
 -5.320000E-02	  1.931136E+00
 -5.310000E-02	  1.929793E+00
 -5.300000E-02	  1.928452E+00
 -5.290000E-02	  1.927114E+00
 -5.280000E-02	  1.925778E+00
 -5.270000E-02	  1.924444E+00
 -5.260000E-02	  1.923113E+00
 -5.250000E-02	  1.921785E+00
 -5.240000E-02	  1.920458E+00
 -5.230000E-02	  1.919135E+00
 -5.220000E-02	  1.917813E+00
 -5.210000E-02	  1.916495E+00
 -5.200000E-02	  1.915178E+00
 -5.190000E-02	  1.913864E+00
 -5.180000E-02	  1.912553E+00
 -5.170000E-02	  1.911244E+00
 -5.160000E-02	  1.909937E+00
 -5.150000E-02	  1.908633E+00
 -5.140000E-02	  1.907331E+00
 -5.130000E-02	  1.906032E+00
 -5.120000E-02	  1.904735E+00
 -5.110000E-02	  1.903441E+00
 -5.100000E-02	  1.902149E+00
 -5.090000E-02	  1.900859E+00
 -5.080000E-02	  1.899572E+00
 -5.070000E-02	  1.898288E+00
 -5.060000E-02	  1.897006E+00
 -5.050000E-02	  1.895726E+00
 -5.040000E-02	  1.894449E+00
 -5.030000E-02	  1.893174E+00
 -5.020000E-02	  1.891902E+00
 -5.010000E-02	  1.890632E+00
 -5.000000E-02	  1.889365E+00
 -4.990000E-02	  1.888100E+00
 -4.980000E-02	  1.886837E+00
 -4.970000E-02	  1.885577E+00
 -4.960000E-02	  1.884320E+00
 -4.950000E-02	  1.883065E+00
 -4.940000E-02	  1.881812E+00
 -4.930000E-02	  1.880562E+00
 -4.920000E-02	  1.879314E+00
 -4.910000E-02	  1.878069E+00
 -4.900000E-02	  1.876826E+00
 -4.890000E-02	  1.875586E+00
 -4.880000E-02	  1.874348E+00
 -4.870000E-02	  1.873112E+00
 -4.860000E-02	  1.871880E+00
 -4.850000E-02	  1.870649E+00
 -4.840000E-02	  1.869421E+00
 -4.830000E-02	  1.868195E+00
 -4.820000E-02	  1.866972E+00
 -4.810000E-02	  1.865752E+00
 -4.800000E-02	  1.864534E+00
 -4.790000E-02	  1.863318E+00
 -4.780000E-02	  1.862105E+00
 -4.770000E-02	  1.860894E+00
 -4.760000E-02	  1.859685E+00
 -4.750000E-02	  1.858480E+00
 -4.740000E-02	  1.857276E+00
 -4.730000E-02	  1.856075E+00
 -4.720000E-02	  1.854877E+00
 -4.710000E-02	  1.853681E+00
 -4.700000E-02	  1.852487E+00
 -4.690000E-02	  1.851296E+00
 -4.680000E-02	  1.850108E+00
 -4.670000E-02	  1.848922E+00
 -4.660000E-02	  1.847738E+00
 -4.650000E-02	  1.846557E+00
 -4.640000E-02	  1.845378E+00
 -4.630000E-02	  1.844202E+00
 -4.620000E-02	  1.843028E+00
 -4.610000E-02	  1.841857E+00
 -4.600000E-02	  1.840688E+00
 -4.590000E-02	  1.839522E+00
 -4.580000E-02	  1.838358E+00
 -4.570000E-02	  1.837196E+00
 -4.560000E-02	  1.836037E+00
 -4.550000E-02	  1.834881E+00
 -4.540000E-02	  1.833727E+00
 -4.530000E-02	  1.832576E+00
 -4.520000E-02	  1.831427E+00
 -4.510000E-02	  1.830280E+00
 -4.500000E-02	  1.829136E+00
 -4.490000E-02	  1.827994E+00
 -4.480000E-02	  1.826855E+00
 -4.470000E-02	  1.825719E+00
 -4.460000E-02	  1.824585E+00
 -4.450000E-02	  1.823453E+00
 -4.440000E-02	  1.822324E+00
 -4.430000E-02	  1.821197E+00
 -4.420000E-02	  1.820073E+00
 -4.410000E-02	  1.818951E+00
 -4.400000E-02	  1.817832E+00
 -4.390000E-02	  1.816715E+00
 -4.380000E-02	  1.815601E+00
 -4.370000E-02	  1.814489E+00
 -4.360000E-02	  1.813379E+00
 -4.350000E-02	  1.812273E+00
 -4.340000E-02	  1.811168E+00
 -4.330000E-02	  1.810066E+00
 -4.320000E-02	  1.808967E+00
 -4.310000E-02	  1.807870E+00
 -4.300000E-02	  1.806775E+00
 -4.290000E-02	  1.805684E+00
 -4.280000E-02	  1.804594E+00
 -4.270000E-02	  1.803507E+00
 -4.260000E-02	  1.802423E+00
 -4.250000E-02	  1.801341E+00
 -4.240000E-02	  1.800261E+00
 -4.230000E-02	  1.799184E+00
 -4.220000E-02	  1.798109E+00
 -4.210000E-02	  1.797037E+00
 -4.200000E-02	  1.795968E+00
 -4.190000E-02	  1.794901E+00
 -4.180000E-02	  1.793836E+00
 -4.170000E-02	  1.792774E+00
 -4.160000E-02	  1.791714E+00
 -4.150000E-02	  1.790657E+00
 -4.140000E-02	  1.789603E+00
 -4.130000E-02	  1.788550E+00
 -4.120000E-02	  1.787501E+00
 -4.110000E-02	  1.786454E+00
 -4.100000E-02	  1.785409E+00
 -4.090000E-02	  1.784367E+00
 -4.080000E-02	  1.783327E+00
 -4.070000E-02	  1.782290E+00
 -4.060000E-02	  1.781255E+00
 -4.050000E-02	  1.780223E+00
 -4.040000E-02	  1.779193E+00
 -4.030000E-02	  1.778166E+00
 -4.020000E-02	  1.777141E+00
 -4.010000E-02	  1.776119E+00
 -4.000000E-02	  1.775099E+00
 -3.990000E-02	  1.774082E+00
 -3.980000E-02	  1.773068E+00
 -3.970000E-02	  1.772055E+00
 -3.960000E-02	  1.771046E+00
 -3.950000E-02	  1.770038E+00
 -3.940000E-02	  1.769034E+00
 -3.930000E-02	  1.768031E+00
 -3.920000E-02	  1.767032E+00
 -3.910000E-02	  1.766034E+00
 -3.900000E-02	  1.765040E+00
 -3.890000E-02	  1.764047E+00
 -3.880000E-02	  1.763058E+00
 -3.870000E-02	  1.762070E+00
 -3.860000E-02	  1.761086E+00
 -3.850000E-02	  1.760103E+00
 -3.840000E-02	  1.759124E+00
 -3.830000E-02	  1.758146E+00
 -3.820000E-02	  1.757172E+00
 -3.810000E-02	  1.756200E+00
 -3.800000E-02	  1.755230E+00
 -3.790000E-02	  1.754263E+00
 -3.780000E-02	  1.753298E+00
 -3.770000E-02	  1.752336E+00
 -3.760000E-02	  1.751376E+00
 -3.750000E-02	  1.750419E+00
 -3.740000E-02	  1.749464E+00
 -3.730000E-02	  1.748512E+00
 -3.720000E-02	  1.747562E+00
 -3.710000E-02	  1.746615E+00
 -3.700000E-02	  1.745670E+00
 -3.690000E-02	  1.744728E+00
 -3.680000E-02	  1.743789E+00
 -3.670000E-02	  1.742851E+00
 -3.660000E-02	  1.741917E+00
 -3.650000E-02	  1.740985E+00
 -3.640000E-02	  1.740055E+00
 -3.630000E-02	  1.739128E+00
 -3.620000E-02	  1.738203E+00
 -3.610000E-02	  1.737281E+00
 -3.600000E-02	  1.736362E+00
 -3.590000E-02	  1.735445E+00
 -3.580000E-02	  1.734530E+00
 -3.570000E-02	  1.733618E+00
 -3.560000E-02	  1.732708E+00
 -3.550000E-02	  1.731801E+00
 -3.540000E-02	  1.730897E+00
 -3.530000E-02	  1.729995E+00
 -3.520000E-02	  1.729095E+00
 -3.510000E-02	  1.728198E+00
 -3.500000E-02	  1.727304E+00
 -3.490000E-02	  1.726412E+00
 -3.480000E-02	  1.725523E+00
 -3.470000E-02	  1.724636E+00
 -3.460000E-02	  1.723751E+00
 -3.450000E-02	  1.722869E+00
 -3.440000E-02	  1.721990E+00
 -3.430000E-02	  1.721113E+00
 -3.420000E-02	  1.720239E+00
 -3.410000E-02	  1.719367E+00
 -3.400000E-02	  1.718498E+00
 -3.390000E-02	  1.717631E+00
 -3.380000E-02	  1.716767E+00
 -3.370000E-02	  1.715905E+00
 -3.360000E-02	  1.715046E+00
 -3.350000E-02	  1.714189E+00
 -3.340000E-02	  1.713335E+00
 -3.330000E-02	  1.712483E+00
 -3.320000E-02	  1.711634E+00
 -3.310000E-02	  1.710787E+00
 -3.300000E-02	  1.709943E+00
 -3.290000E-02	  1.709101E+00
 -3.280000E-02	  1.708262E+00
 -3.270000E-02	  1.707426E+00
 -3.260000E-02	  1.706592E+00
 -3.250000E-02	  1.705760E+00
 -3.240000E-02	  1.704931E+00
 -3.230000E-02	  1.704105E+00
 -3.220000E-02	  1.703281E+00
 -3.210000E-02	  1.702459E+00
 -3.200000E-02	  1.701640E+00
 -3.190000E-02	  1.700824E+00
 -3.180000E-02	  1.700010E+00
 -3.170000E-02	  1.699199E+00
 -3.160000E-02	  1.698390E+00
 -3.150000E-02	  1.697584E+00
 -3.140000E-02	  1.696780E+00
 -3.130000E-02	  1.695979E+00
 -3.120000E-02	  1.695180E+00
 -3.110000E-02	  1.694384E+00
 -3.100000E-02	  1.693590E+00
 -3.090000E-02	  1.692799E+00
 -3.080000E-02	  1.692010E+00
 -3.070000E-02	  1.691224E+00
 -3.060000E-02	  1.690441E+00
 -3.050000E-02	  1.689660E+00
 -3.040000E-02	  1.688881E+00
 -3.030000E-02	  1.688105E+00
 -3.020000E-02	  1.687332E+00
 -3.010000E-02	  1.686561E+00
 -3.000000E-02	  1.685793E+00
 -2.990000E-02	  1.685027E+00
 -2.980000E-02	  1.684263E+00
 -2.970000E-02	  1.683503E+00
 -2.960000E-02	  1.682744E+00
 -2.950000E-02	  1.681989E+00
 -2.940000E-02	  1.681235E+00
 -2.930000E-02	  1.680485E+00
 -2.920000E-02	  1.679736E+00
 -2.910000E-02	  1.678991E+00
 -2.900000E-02	  1.678248E+00
 -2.890000E-02	  1.677507E+00
 -2.880000E-02	  1.676769E+00
 -2.870000E-02	  1.676034E+00
 -2.860000E-02	  1.675301E+00
 -2.850000E-02	  1.674570E+00
 -2.840000E-02	  1.673842E+00
 -2.830000E-02	  1.673117E+00
 -2.820000E-02	  1.672394E+00
 -2.810000E-02	  1.671674E+00
 -2.800000E-02	  1.670956E+00
 -2.790000E-02	  1.670241E+00
 -2.780000E-02	  1.669528E+00
 -2.770000E-02	  1.668818E+00
 -2.760000E-02	  1.668110E+00
 -2.750000E-02	  1.667405E+00
 -2.740000E-02	  1.666703E+00
 -2.730000E-02	  1.666003E+00
 -2.720000E-02	  1.665305E+00
 -2.710000E-02	  1.664610E+00
 -2.700000E-02	  1.663918E+00
 -2.690000E-02	  1.663228E+00
 -2.680000E-02	  1.662541E+00
 -2.670000E-02	  1.661856E+00
 -2.660000E-02	  1.661174E+00
 -2.650000E-02	  1.660494E+00
 -2.640000E-02	  1.659817E+00
 -2.630000E-02	  1.659142E+00
 -2.620000E-02	  1.658470E+00
 -2.610000E-02	  1.657801E+00
 -2.600000E-02	  1.657134E+00
 -2.590000E-02	  1.656469E+00
 -2.580000E-02	  1.655807E+00
 -2.570000E-02	  1.655148E+00
 -2.560000E-02	  1.654491E+00
 -2.550000E-02	  1.653837E+00
 -2.540000E-02	  1.653185E+00
 -2.530000E-02	  1.652536E+00
 -2.520000E-02	  1.651889E+00
 -2.510000E-02	  1.651245E+00
 -2.500000E-02	  1.650603E+00
 -2.490000E-02	  1.649964E+00
 -2.480000E-02	  1.649327E+00
 -2.470000E-02	  1.648693E+00
 -2.460000E-02	  1.648062E+00
 -2.450000E-02	  1.647433E+00
 -2.440000E-02	  1.646807E+00
 -2.430000E-02	  1.646183E+00
 -2.420000E-02	  1.645562E+00
 -2.410000E-02	  1.644943E+00
 -2.400000E-02	  1.644327E+00
 -2.390000E-02	  1.643713E+00
 -2.380000E-02	  1.643102E+00
 -2.370000E-02	  1.642493E+00
 -2.360000E-02	  1.641887E+00
 -2.350000E-02	  1.641284E+00
 -2.340000E-02	  1.640683E+00
 -2.330000E-02	  1.640085E+00
 -2.320000E-02	  1.639489E+00
 -2.310000E-02	  1.638895E+00
 -2.300000E-02	  1.638305E+00
 -2.290000E-02	  1.637717E+00
 -2.280000E-02	  1.637131E+00
 -2.270000E-02	  1.636548E+00
 -2.260000E-02	  1.635967E+00
 -2.250000E-02	  1.635389E+00
 -2.240000E-02	  1.634814E+00
 -2.230000E-02	  1.634241E+00
 -2.220000E-02	  1.633671E+00
 -2.210000E-02	  1.633103E+00
 -2.200000E-02	  1.632537E+00
 -2.190000E-02	  1.631975E+00
 -2.180000E-02	  1.631415E+00
 -2.170000E-02	  1.630857E+00
 -2.160000E-02	  1.630302E+00
 -2.150000E-02	  1.629749E+00
 -2.140000E-02	  1.629199E+00
 -2.130000E-02	  1.628652E+00
 -2.120000E-02	  1.628107E+00
 -2.110000E-02	  1.627565E+00
 -2.100000E-02	  1.627025E+00
 -2.090000E-02	  1.626488E+00
 -2.080000E-02	  1.625953E+00
 -2.070000E-02	  1.625421E+00
 -2.060000E-02	  1.624891E+00
 -2.050000E-02	  1.624364E+00
 -2.040000E-02	  1.623840E+00
 -2.030000E-02	  1.623318E+00
 -2.020000E-02	  1.622799E+00
 -2.010000E-02	  1.622282E+00
 -2.000000E-02	  1.621768E+00
 -1.990000E-02	  1.621256E+00
 -1.980000E-02	  1.620747E+00
 -1.970000E-02	  1.620240E+00
 -1.960000E-02	  1.619736E+00
 -1.950000E-02	  1.619235E+00
 -1.940000E-02	  1.618736E+00
 -1.930000E-02	  1.618239E+00
 -1.920000E-02	  1.617745E+00
 -1.910000E-02	  1.617254E+00
 -1.900000E-02	  1.616765E+00
 -1.890000E-02	  1.616279E+00
 -1.880000E-02	  1.615796E+00
 -1.870000E-02	  1.615314E+00
 -1.860000E-02	  1.614836E+00
 -1.850000E-02	  1.614360E+00
 -1.840000E-02	  1.613887E+00
 -1.830000E-02	  1.613416E+00
 -1.820000E-02	  1.612947E+00
 -1.810000E-02	  1.612482E+00
 -1.800000E-02	  1.612019E+00
 -1.790000E-02	  1.611558E+00
 -1.780000E-02	  1.611100E+00
 -1.770000E-02	  1.610644E+00
 -1.760000E-02	  1.610191E+00
 -1.750000E-02	  1.609741E+00
 -1.740000E-02	  1.609293E+00
 -1.730000E-02	  1.608848E+00
 -1.720000E-02	  1.608405E+00
 -1.710000E-02	  1.607965E+00
 -1.700000E-02	  1.607527E+00
 -1.690000E-02	  1.607092E+00
 -1.680000E-02	  1.606660E+00
 -1.670000E-02	  1.606230E+00
 -1.660000E-02	  1.605802E+00
 -1.650000E-02	  1.605378E+00
 -1.640000E-02	  1.604955E+00
 -1.630000E-02	  1.604536E+00
 -1.620000E-02	  1.604119E+00
 -1.610000E-02	  1.603704E+00
 -1.600000E-02	  1.603292E+00
 -1.590000E-02	  1.602882E+00
 -1.580000E-02	  1.602476E+00
 -1.570000E-02	  1.602071E+00
 -1.560000E-02	  1.601669E+00
 -1.550000E-02	  1.601270E+00
 -1.540000E-02	  1.600873E+00
 -1.530000E-02	  1.600479E+00
 -1.520000E-02	  1.600088E+00
 -1.510000E-02	  1.599699E+00
 -1.500000E-02	  1.599312E+00
 -1.490000E-02	  1.598929E+00
 -1.480000E-02	  1.598547E+00
 -1.470000E-02	  1.598168E+00
 -1.460000E-02	  1.597792E+00
 -1.450000E-02	  1.597419E+00
 -1.440000E-02	  1.597048E+00
 -1.430000E-02	  1.596679E+00
 -1.420000E-02	  1.596313E+00
 -1.410000E-02	  1.595950E+00
 -1.400000E-02	  1.595589E+00
 -1.390000E-02	  1.595231E+00
 -1.380000E-02	  1.594875E+00
 -1.370000E-02	  1.594522E+00
 -1.360000E-02	  1.594171E+00
 -1.350000E-02	  1.593823E+00
 -1.340000E-02	  1.593478E+00
 -1.330000E-02	  1.593135E+00
 -1.320000E-02	  1.592795E+00
 -1.310000E-02	  1.592457E+00
 -1.300000E-02	  1.592122E+00
 -1.290000E-02	  1.591789E+00
 -1.280000E-02	  1.591459E+00
 -1.270000E-02	  1.591131E+00
 -1.260000E-02	  1.590807E+00
 -1.250000E-02	  1.590484E+00
 -1.240000E-02	  1.590164E+00
 -1.230000E-02	  1.589847E+00
 -1.220000E-02	  1.589532E+00
 -1.210000E-02	  1.589220E+00
 -1.200000E-02	  1.588911E+00
 -1.190000E-02	  1.588604E+00
 -1.180000E-02	  1.588299E+00
 -1.170000E-02	  1.587997E+00
 -1.160000E-02	  1.587698E+00
 -1.150000E-02	  1.587401E+00
 -1.140000E-02	  1.587107E+00
 -1.130000E-02	  1.586816E+00
 -1.120000E-02	  1.586527E+00
 -1.110000E-02	  1.586240E+00
 -1.100000E-02	  1.585956E+00
 -1.090000E-02	  1.585675E+00
 -1.080000E-02	  1.585396E+00
 -1.070000E-02	  1.585120E+00
 -1.060000E-02	  1.584846E+00
 -1.050000E-02	  1.584575E+00
 -1.040000E-02	  1.584307E+00
 -1.030000E-02	  1.584041E+00
 -1.020000E-02	  1.583777E+00
 -1.010000E-02	  1.583517E+00
 -1.000000E-02	  1.583258E+00
 -9.900000E-03	  1.583003E+00
 -9.800000E-03	  1.582749E+00
 -9.700000E-03	  1.582499E+00
 -9.600000E-03	  1.582251E+00
 -9.500000E-03	  1.582006E+00
 -9.400000E-03	  1.581763E+00
 -9.300000E-03	  1.581522E+00
 -9.200000E-03	  1.581285E+00
 -9.100000E-03	  1.581050E+00
 -9.000000E-03	  1.580817E+00
 -8.900000E-03	  1.580587E+00
 -8.800000E-03	  1.580359E+00
 -8.700000E-03	  1.580135E+00
 -8.600000E-03	  1.579912E+00
 -8.500000E-03	  1.579693E+00
 -8.400000E-03	  1.579475E+00
 -8.300000E-03	  1.579261E+00
 -8.200000E-03	  1.579049E+00
 -8.100000E-03	  1.578839E+00
 -8.000000E-03	  1.578632E+00
 -7.900000E-03	  1.578428E+00
 -7.800000E-03	  1.578226E+00
 -7.700000E-03	  1.578027E+00
 -7.600000E-03	  1.577830E+00
 -7.500000E-03	  1.577636E+00
 -7.400000E-03	  1.577445E+00
 -7.300000E-03	  1.577256E+00
 -7.200000E-03	  1.577070E+00
 -7.100000E-03	  1.576886E+00
 -7.000000E-03	  1.576705E+00
 -6.900000E-03	  1.576526E+00
 -6.800000E-03	  1.576350E+00
 -6.700000E-03	  1.576176E+00
 -6.600000E-03	  1.576005E+00
 -6.500000E-03	  1.575837E+00
 -6.400000E-03	  1.575671E+00
 -6.300000E-03	  1.575508E+00
 -6.200000E-03	  1.575347E+00
 -6.100000E-03	  1.575189E+00
 -6.000000E-03	  1.575034E+00
 -5.900000E-03	  1.574881E+00
 -5.800000E-03	  1.574730E+00
 -5.700000E-03	  1.574583E+00
 -5.600000E-03	  1.574437E+00
 -5.500000E-03	  1.574295E+00
 -5.400000E-03	  1.574155E+00
 -5.300000E-03	  1.574017E+00
 -5.200000E-03	  1.573882E+00
 -5.100000E-03	  1.573750E+00
 -5.000000E-03	  1.573620E+00
 -4.900000E-03	  1.573493E+00
 -4.800000E-03	  1.573368E+00
 -4.700000E-03	  1.573246E+00
 -4.600000E-03	  1.573126E+00
 -4.500000E-03	  1.573009E+00
 -4.400000E-03	  1.572895E+00
 -4.300000E-03	  1.572783E+00
 -4.200000E-03	  1.572674E+00
 -4.100000E-03	  1.572567E+00
 -4.000000E-03	  1.572463E+00
 -3.900000E-03	  1.572361E+00
 -3.800000E-03	  1.572262E+00
 -3.700000E-03	  1.572166E+00
 -3.600000E-03	  1.572072E+00
 -3.500000E-03	  1.571981E+00
 -3.400000E-03	  1.571892E+00
 -3.300000E-03	  1.571806E+00
 -3.200000E-03	  1.571723E+00
 -3.100000E-03	  1.571642E+00
 -3.000000E-03	  1.571563E+00
 -2.900000E-03	  1.571487E+00
 -2.800000E-03	  1.571414E+00
 -2.700000E-03	  1.571343E+00
 -2.600000E-03	  1.571275E+00
 -2.500000E-03	  1.571210E+00
 -2.400000E-03	  1.571147E+00
 -2.300000E-03	  1.571086E+00
 -2.200000E-03	  1.571028E+00
 -2.100000E-03	  1.570973E+00
 -2.000000E-03	  1.570920E+00
 -1.900000E-03	  1.570870E+00
 -1.800000E-03	  1.570823E+00
 -1.700000E-03	  1.570778E+00
 -1.600000E-03	  1.570735E+00
 -1.500000E-03	  1.570695E+00
 -1.400000E-03	  1.570658E+00
 -1.300000E-03	  1.570623E+00
 -1.200000E-03	  1.570591E+00
 -1.100000E-03	  1.570562E+00
 -1.000000E-03	  1.570535E+00
 -9.000000E-04	  1.570510E+00
 -8.000000E-04	  1.570488E+00
 -7.000000E-04	  1.570469E+00
 -6.000000E-04	  1.570452E+00
 -5.000000E-04	  1.570438E+00
 -4.000000E-04	  1.570427E+00
 -3.000000E-04	  1.570418E+00
 -2.000000E-04	  1.570411E+00
 -1.000000E-04	  1.570407E+00
  0.000000E+00	  1.570406E+00
  1.000000E-04	  1.570407E+00
  2.000000E-04	  1.570411E+00
  3.000000E-04	  1.570418E+00
  4.000000E-04	  1.570427E+00
  5.000000E-04	  1.570438E+00
  6.000000E-04	  1.570452E+00
  7.000000E-04	  1.570469E+00
  8.000000E-04	  1.570488E+00
  9.000000E-04	  1.570510E+00
  1.000000E-03	  1.570535E+00
  1.100000E-03	  1.570562E+00
  1.200000E-03	  1.570591E+00
  1.300000E-03	  1.570623E+00
  1.400000E-03	  1.570658E+00
  1.500000E-03	  1.570695E+00
  1.600000E-03	  1.570735E+00
  1.700000E-03	  1.570778E+00
  1.800000E-03	  1.570823E+00
  1.900000E-03	  1.570870E+00
  2.000000E-03	  1.570920E+00
  2.100000E-03	  1.570973E+00
  2.200000E-03	  1.571028E+00
  2.300000E-03	  1.571086E+00
  2.400000E-03	  1.571147E+00
  2.500000E-03	  1.571210E+00
  2.600000E-03	  1.571275E+00
  2.700000E-03	  1.571343E+00
  2.800000E-03	  1.571414E+00
  2.900000E-03	  1.571487E+00
  3.000000E-03	  1.571563E+00
  3.100000E-03	  1.571642E+00
  3.200000E-03	  1.571723E+00
  3.300000E-03	  1.571806E+00
  3.400000E-03	  1.571892E+00
  3.500000E-03	  1.571981E+00
  3.600000E-03	  1.572072E+00
  3.700000E-03	  1.572166E+00
  3.800000E-03	  1.572262E+00
  3.900000E-03	  1.572361E+00
  4.000000E-03	  1.572463E+00
  4.100000E-03	  1.572567E+00
  4.200000E-03	  1.572674E+00
  4.300000E-03	  1.572783E+00
  4.400000E-03	  1.572895E+00
  4.500000E-03	  1.573009E+00
  4.600000E-03	  1.573126E+00
  4.700000E-03	  1.573246E+00
  4.800000E-03	  1.573368E+00
  4.900000E-03	  1.573493E+00
  5.000000E-03	  1.573620E+00
  5.100000E-03	  1.573750E+00
  5.200000E-03	  1.573882E+00
  5.300000E-03	  1.574017E+00
  5.400000E-03	  1.574155E+00
  5.500000E-03	  1.574295E+00
  5.600000E-03	  1.574437E+00
  5.700000E-03	  1.574583E+00
  5.800000E-03	  1.574730E+00
  5.900000E-03	  1.574881E+00
  6.000000E-03	  1.575034E+00
  6.100000E-03	  1.575189E+00
  6.200000E-03	  1.575347E+00
  6.300000E-03	  1.575508E+00
  6.400000E-03	  1.575671E+00
  6.500000E-03	  1.575837E+00
  6.600000E-03	  1.576005E+00
  6.700000E-03	  1.576176E+00
  6.800000E-03	  1.576350E+00
  6.900000E-03	  1.576526E+00
  7.000000E-03	  1.576705E+00
  7.100000E-03	  1.576886E+00
  7.200000E-03	  1.577070E+00
  7.300000E-03	  1.577256E+00
  7.400000E-03	  1.577445E+00
  7.500000E-03	  1.577636E+00
  7.600000E-03	  1.577830E+00
  7.700000E-03	  1.578027E+00
  7.800000E-03	  1.578226E+00
  7.900000E-03	  1.578428E+00
  8.000000E-03	  1.578632E+00
  8.100000E-03	  1.578839E+00
  8.200000E-03	  1.579049E+00
  8.300000E-03	  1.579261E+00
  8.400000E-03	  1.579475E+00
  8.500000E-03	  1.579693E+00
  8.600000E-03	  1.579912E+00
  8.700000E-03	  1.580135E+00
  8.800000E-03	  1.580359E+00
  8.900000E-03	  1.580587E+00
  9.000000E-03	  1.580817E+00
  9.100000E-03	  1.581050E+00
  9.200000E-03	  1.581285E+00
  9.300000E-03	  1.581522E+00
  9.400000E-03	  1.581763E+00
  9.500000E-03	  1.582006E+00
  9.600000E-03	  1.582251E+00
  9.700000E-03	  1.582499E+00
  9.800000E-03	  1.582749E+00
  9.900000E-03	  1.583003E+00
  1.000000E-02	  1.583258E+00
  1.010000E-02	  1.583517E+00
  1.020000E-02	  1.583777E+00
  1.030000E-02	  1.584041E+00
  1.040000E-02	  1.584307E+00
  1.050000E-02	  1.584575E+00
  1.060000E-02	  1.584846E+00
  1.070000E-02	  1.585120E+00
  1.080000E-02	  1.585396E+00
  1.090000E-02	  1.585675E+00
  1.100000E-02	  1.585956E+00
  1.110000E-02	  1.586240E+00
  1.120000E-02	  1.586527E+00
  1.130000E-02	  1.586816E+00
  1.140000E-02	  1.587107E+00
  1.150000E-02	  1.587401E+00
  1.160000E-02	  1.587698E+00
  1.170000E-02	  1.587997E+00
  1.180000E-02	  1.588299E+00
  1.190000E-02	  1.588604E+00
  1.200000E-02	  1.588911E+00
  1.210000E-02	  1.589220E+00
  1.220000E-02	  1.589532E+00
  1.230000E-02	  1.589847E+00
  1.240000E-02	  1.590164E+00
  1.250000E-02	  1.590484E+00
  1.260000E-02	  1.590807E+00
  1.270000E-02	  1.591131E+00
  1.280000E-02	  1.591459E+00
  1.290000E-02	  1.591789E+00
  1.300000E-02	  1.592122E+00
  1.310000E-02	  1.592457E+00
  1.320000E-02	  1.592795E+00
  1.330000E-02	  1.593135E+00
  1.340000E-02	  1.593478E+00
  1.350000E-02	  1.593823E+00
  1.360000E-02	  1.594171E+00
  1.370000E-02	  1.594522E+00
  1.380000E-02	  1.594875E+00
  1.390000E-02	  1.595231E+00
  1.400000E-02	  1.595589E+00
  1.410000E-02	  1.595950E+00
  1.420000E-02	  1.596313E+00
  1.430000E-02	  1.596679E+00
  1.440000E-02	  1.597048E+00
  1.450000E-02	  1.597419E+00
  1.460000E-02	  1.597792E+00
  1.470000E-02	  1.598168E+00
  1.480000E-02	  1.598547E+00
  1.490000E-02	  1.598929E+00
  1.500000E-02	  1.599312E+00
  1.510000E-02	  1.599699E+00
  1.520000E-02	  1.600088E+00
  1.530000E-02	  1.600479E+00
  1.540000E-02	  1.600873E+00
  1.550000E-02	  1.601270E+00
  1.560000E-02	  1.601669E+00
  1.570000E-02	  1.602071E+00
  1.580000E-02	  1.602476E+00
  1.590000E-02	  1.602882E+00
  1.600000E-02	  1.603292E+00
  1.610000E-02	  1.603704E+00
  1.620000E-02	  1.604119E+00
  1.630000E-02	  1.604536E+00
  1.640000E-02	  1.604955E+00
  1.650000E-02	  1.605378E+00
  1.660000E-02	  1.605802E+00
  1.670000E-02	  1.606230E+00
  1.680000E-02	  1.606660E+00
  1.690000E-02	  1.607092E+00
  1.700000E-02	  1.607527E+00
  1.710000E-02	  1.607965E+00
  1.720000E-02	  1.608405E+00
  1.730000E-02	  1.608848E+00
  1.740000E-02	  1.609293E+00
  1.750000E-02	  1.609741E+00
  1.760000E-02	  1.610191E+00
  1.770000E-02	  1.610644E+00
  1.780000E-02	  1.611100E+00
  1.790000E-02	  1.611558E+00
  1.800000E-02	  1.612019E+00
  1.810000E-02	  1.612482E+00
  1.820000E-02	  1.612947E+00
  1.830000E-02	  1.613416E+00
  1.840000E-02	  1.613887E+00
  1.850000E-02	  1.614360E+00
  1.860000E-02	  1.614836E+00
  1.870000E-02	  1.615314E+00
  1.880000E-02	  1.615796E+00
  1.890000E-02	  1.616279E+00
  1.900000E-02	  1.616765E+00
  1.910000E-02	  1.617254E+00
  1.920000E-02	  1.617745E+00
  1.930000E-02	  1.618239E+00
  1.940000E-02	  1.618736E+00
  1.950000E-02	  1.619235E+00
  1.960000E-02	  1.619736E+00
  1.970000E-02	  1.620240E+00
  1.980000E-02	  1.620747E+00
  1.990000E-02	  1.621256E+00
  2.000000E-02	  1.621768E+00
  2.010000E-02	  1.622282E+00
  2.020000E-02	  1.622799E+00
  2.030000E-02	  1.623318E+00
  2.040000E-02	  1.623840E+00
  2.050000E-02	  1.624364E+00
  2.060000E-02	  1.624891E+00
  2.070000E-02	  1.625421E+00
  2.080000E-02	  1.625953E+00
  2.090000E-02	  1.626488E+00
  2.100000E-02	  1.627025E+00
  2.110000E-02	  1.627565E+00
  2.120000E-02	  1.628107E+00
  2.130000E-02	  1.628652E+00
  2.140000E-02	  1.629199E+00
  2.150000E-02	  1.629749E+00
  2.160000E-02	  1.630302E+00
  2.170000E-02	  1.630857E+00
  2.180000E-02	  1.631415E+00
  2.190000E-02	  1.631975E+00
  2.200000E-02	  1.632537E+00
  2.210000E-02	  1.633103E+00
  2.220000E-02	  1.633671E+00
  2.230000E-02	  1.634241E+00
  2.240000E-02	  1.634814E+00
  2.250000E-02	  1.635389E+00
  2.260000E-02	  1.635967E+00
  2.270000E-02	  1.636548E+00
  2.280000E-02	  1.637131E+00
  2.290000E-02	  1.637717E+00
  2.300000E-02	  1.638305E+00
  2.310000E-02	  1.638895E+00
  2.320000E-02	  1.639489E+00
  2.330000E-02	  1.640085E+00
  2.340000E-02	  1.640683E+00
  2.350000E-02	  1.641284E+00
  2.360000E-02	  1.641887E+00
  2.370000E-02	  1.642493E+00
  2.380000E-02	  1.643102E+00
  2.390000E-02	  1.643713E+00
  2.400000E-02	  1.644327E+00
  2.410000E-02	  1.644943E+00
  2.420000E-02	  1.645562E+00
  2.430000E-02	  1.646183E+00
  2.440000E-02	  1.646807E+00
  2.450000E-02	  1.647433E+00
  2.460000E-02	  1.648062E+00
  2.470000E-02	  1.648693E+00
  2.480000E-02	  1.649327E+00
  2.490000E-02	  1.649964E+00
  2.500000E-02	  1.650603E+00
  2.510000E-02	  1.651245E+00
  2.520000E-02	  1.651889E+00
  2.530000E-02	  1.652536E+00
  2.540000E-02	  1.653185E+00
  2.550000E-02	  1.653837E+00
  2.560000E-02	  1.654491E+00
  2.570000E-02	  1.655148E+00
  2.580000E-02	  1.655807E+00
  2.590000E-02	  1.656469E+00
  2.600000E-02	  1.657134E+00
  2.610000E-02	  1.657801E+00
  2.620000E-02	  1.658470E+00
  2.630000E-02	  1.659142E+00
  2.640000E-02	  1.659817E+00
  2.650000E-02	  1.660494E+00
  2.660000E-02	  1.661174E+00
  2.670000E-02	  1.661856E+00
  2.680000E-02	  1.662541E+00
  2.690000E-02	  1.663228E+00
  2.700000E-02	  1.663918E+00
  2.710000E-02	  1.664610E+00
  2.720000E-02	  1.665305E+00
  2.730000E-02	  1.666003E+00
  2.740000E-02	  1.666703E+00
  2.750000E-02	  1.667405E+00
  2.760000E-02	  1.668110E+00
  2.770000E-02	  1.668818E+00
  2.780000E-02	  1.669528E+00
  2.790000E-02	  1.670241E+00
  2.800000E-02	  1.670956E+00
  2.810000E-02	  1.671674E+00
  2.820000E-02	  1.672394E+00
  2.830000E-02	  1.673117E+00
  2.840000E-02	  1.673842E+00
  2.850000E-02	  1.674570E+00
  2.860000E-02	  1.675301E+00
  2.870000E-02	  1.676034E+00
  2.880000E-02	  1.676769E+00
  2.890000E-02	  1.677507E+00
  2.900000E-02	  1.678248E+00
  2.910000E-02	  1.678991E+00
  2.920000E-02	  1.679736E+00
  2.930000E-02	  1.680485E+00
  2.940000E-02	  1.681235E+00
  2.950000E-02	  1.681989E+00
  2.960000E-02	  1.682744E+00
  2.970000E-02	  1.683503E+00
  2.980000E-02	  1.684263E+00
  2.990000E-02	  1.685027E+00
  3.000000E-02	  1.685793E+00
  3.010000E-02	  1.686561E+00
  3.020000E-02	  1.687332E+00
  3.030000E-02	  1.688105E+00
  3.040000E-02	  1.688881E+00
  3.050000E-02	  1.689660E+00
  3.060000E-02	  1.690441E+00
  3.070000E-02	  1.691224E+00
  3.080000E-02	  1.692010E+00
  3.090000E-02	  1.692799E+00
  3.100000E-02	  1.693590E+00
  3.110000E-02	  1.694384E+00
  3.120000E-02	  1.695180E+00
  3.130000E-02	  1.695979E+00
  3.140000E-02	  1.696780E+00
  3.150000E-02	  1.697584E+00
  3.160000E-02	  1.698390E+00
  3.170000E-02	  1.699199E+00
  3.180000E-02	  1.700010E+00
  3.190000E-02	  1.700824E+00
  3.200000E-02	  1.701640E+00
  3.210000E-02	  1.702459E+00
  3.220000E-02	  1.703281E+00
  3.230000E-02	  1.704105E+00
  3.240000E-02	  1.704931E+00
  3.250000E-02	  1.705760E+00
  3.260000E-02	  1.706592E+00
  3.270000E-02	  1.707426E+00
  3.280000E-02	  1.708262E+00
  3.290000E-02	  1.709101E+00
  3.300000E-02	  1.709943E+00
  3.310000E-02	  1.710787E+00
  3.320000E-02	  1.711634E+00
  3.330000E-02	  1.712483E+00
  3.340000E-02	  1.713335E+00
  3.350000E-02	  1.714189E+00
  3.360000E-02	  1.715046E+00
  3.370000E-02	  1.715905E+00
  3.380000E-02	  1.716767E+00
  3.390000E-02	  1.717631E+00
  3.400000E-02	  1.718498E+00
  3.410000E-02	  1.719367E+00
  3.420000E-02	  1.720239E+00
  3.430000E-02	  1.721113E+00
  3.440000E-02	  1.721990E+00
  3.450000E-02	  1.722869E+00
  3.460000E-02	  1.723751E+00
  3.470000E-02	  1.724636E+00
  3.480000E-02	  1.725523E+00
  3.490000E-02	  1.726412E+00
  3.500000E-02	  1.727304E+00
  3.510000E-02	  1.728198E+00
  3.520000E-02	  1.729095E+00
  3.530000E-02	  1.729995E+00
  3.540000E-02	  1.730897E+00
  3.550000E-02	  1.731801E+00
  3.560000E-02	  1.732708E+00
  3.570000E-02	  1.733618E+00
  3.580000E-02	  1.734530E+00
  3.590000E-02	  1.735445E+00
  3.600000E-02	  1.736362E+00
  3.610000E-02	  1.737281E+00
  3.620000E-02	  1.738203E+00
  3.630000E-02	  1.739128E+00
  3.640000E-02	  1.740055E+00
  3.650000E-02	  1.740985E+00
  3.660000E-02	  1.741917E+00
  3.670000E-02	  1.742851E+00
  3.680000E-02	  1.743789E+00
  3.690000E-02	  1.744728E+00
  3.700000E-02	  1.745670E+00
  3.710000E-02	  1.746615E+00
  3.720000E-02	  1.747562E+00
  3.730000E-02	  1.748512E+00
  3.740000E-02	  1.749464E+00
  3.750000E-02	  1.750419E+00
  3.760000E-02	  1.751376E+00
  3.770000E-02	  1.752336E+00
  3.780000E-02	  1.753298E+00
  3.790000E-02	  1.754263E+00
  3.800000E-02	  1.755230E+00
  3.810000E-02	  1.756200E+00
  3.820000E-02	  1.757172E+00
  3.830000E-02	  1.758146E+00
  3.840000E-02	  1.759124E+00
  3.850000E-02	  1.760103E+00
  3.860000E-02	  1.761086E+00
  3.870000E-02	  1.762070E+00
  3.880000E-02	  1.763058E+00
  3.890000E-02	  1.764047E+00
  3.900000E-02	  1.765040E+00
  3.910000E-02	  1.766034E+00
  3.920000E-02	  1.767032E+00
  3.930000E-02	  1.768031E+00
  3.940000E-02	  1.769034E+00
  3.950000E-02	  1.770038E+00
  3.960000E-02	  1.771046E+00
  3.970000E-02	  1.772055E+00
  3.980000E-02	  1.773068E+00
  3.990000E-02	  1.774082E+00
  4.000000E-02	  1.775099E+00
  4.010000E-02	  1.776119E+00
  4.020000E-02	  1.777141E+00
  4.030000E-02	  1.778166E+00
  4.040000E-02	  1.779193E+00
  4.050000E-02	  1.780223E+00
  4.060000E-02	  1.781255E+00
  4.070000E-02	  1.782290E+00
  4.080000E-02	  1.783327E+00
  4.090000E-02	  1.784367E+00
  4.100000E-02	  1.785409E+00
  4.110000E-02	  1.786454E+00
  4.120000E-02	  1.787501E+00
  4.130000E-02	  1.788550E+00
  4.140000E-02	  1.789603E+00
  4.150000E-02	  1.790657E+00
  4.160000E-02	  1.791714E+00
  4.170000E-02	  1.792774E+00
  4.180000E-02	  1.793836E+00
  4.190000E-02	  1.794901E+00
  4.200000E-02	  1.795968E+00
  4.210000E-02	  1.797037E+00
  4.220000E-02	  1.798109E+00
  4.230000E-02	  1.799184E+00
  4.240000E-02	  1.800261E+00
  4.250000E-02	  1.801341E+00
  4.260000E-02	  1.802423E+00
  4.270000E-02	  1.803507E+00
  4.280000E-02	  1.804594E+00
  4.290000E-02	  1.805684E+00
  4.300000E-02	  1.806775E+00
  4.310000E-02	  1.807870E+00
  4.320000E-02	  1.808967E+00
  4.330000E-02	  1.810066E+00
  4.340000E-02	  1.811168E+00
  4.350000E-02	  1.812273E+00
  4.360000E-02	  1.813379E+00
  4.370000E-02	  1.814489E+00
  4.380000E-02	  1.815601E+00
  4.390000E-02	  1.816715E+00
  4.400000E-02	  1.817832E+00
  4.410000E-02	  1.818951E+00
  4.420000E-02	  1.820073E+00
  4.430000E-02	  1.821197E+00
  4.440000E-02	  1.822324E+00
  4.450000E-02	  1.823453E+00
  4.460000E-02	  1.824585E+00
  4.470000E-02	  1.825719E+00
  4.480000E-02	  1.826855E+00
  4.490000E-02	  1.827994E+00
  4.500000E-02	  1.829136E+00
  4.510000E-02	  1.830280E+00
  4.520000E-02	  1.831427E+00
  4.530000E-02	  1.832576E+00
  4.540000E-02	  1.833727E+00
  4.550000E-02	  1.834881E+00
  4.560000E-02	  1.836037E+00
  4.570000E-02	  1.837196E+00
  4.580000E-02	  1.838358E+00
  4.590000E-02	  1.839522E+00
  4.600000E-02	  1.840688E+00
  4.610000E-02	  1.841857E+00
  4.620000E-02	  1.843028E+00
  4.630000E-02	  1.844202E+00
  4.640000E-02	  1.845378E+00
  4.650000E-02	  1.846557E+00
  4.660000E-02	  1.847738E+00
  4.670000E-02	  1.848922E+00
  4.680000E-02	  1.850108E+00
  4.690000E-02	  1.851296E+00
  4.700000E-02	  1.852487E+00
  4.710000E-02	  1.853681E+00
  4.720000E-02	  1.854877E+00
  4.730000E-02	  1.856075E+00
  4.740000E-02	  1.857276E+00
  4.750000E-02	  1.858480E+00
  4.760000E-02	  1.859685E+00
  4.770000E-02	  1.860894E+00
  4.780000E-02	  1.862105E+00
  4.790000E-02	  1.863318E+00
  4.800000E-02	  1.864534E+00
  4.810000E-02	  1.865752E+00
  4.820000E-02	  1.866972E+00
  4.830000E-02	  1.868195E+00
  4.840000E-02	  1.869421E+00
  4.850000E-02	  1.870649E+00
  4.860000E-02	  1.871880E+00
  4.870000E-02	  1.873112E+00
  4.880000E-02	  1.874348E+00
  4.890000E-02	  1.875586E+00
  4.900000E-02	  1.876826E+00
  4.910000E-02	  1.878069E+00
  4.920000E-02	  1.879314E+00
  4.930000E-02	  1.880562E+00
  4.940000E-02	  1.881812E+00
  4.950000E-02	  1.883065E+00
  4.960000E-02	  1.884320E+00
  4.970000E-02	  1.885577E+00
  4.980000E-02	  1.886837E+00
  4.990000E-02	  1.888100E+00
  5.000000E-02	  1.889365E+00
  5.010000E-02	  1.890632E+00
  5.020000E-02	  1.891902E+00
  5.030000E-02	  1.893174E+00
  5.040000E-02	  1.894449E+00
  5.050000E-02	  1.895726E+00
  5.060000E-02	  1.897006E+00
  5.070000E-02	  1.898288E+00
  5.080000E-02	  1.899572E+00
  5.090000E-02	  1.900859E+00
  5.100000E-02	  1.902149E+00
  5.110000E-02	  1.903441E+00
  5.120000E-02	  1.904735E+00
  5.130000E-02	  1.906032E+00
  5.140000E-02	  1.907331E+00
  5.150000E-02	  1.908633E+00
  5.160000E-02	  1.909937E+00
  5.170000E-02	  1.911244E+00
  5.180000E-02	  1.912553E+00
  5.190000E-02	  1.913864E+00
  5.200000E-02	  1.915178E+00
  5.210000E-02	  1.916495E+00
  5.220000E-02	  1.917813E+00
  5.230000E-02	  1.919135E+00
  5.240000E-02	  1.920458E+00
  5.250000E-02	  1.921785E+00
  5.260000E-02	  1.923113E+00
  5.270000E-02	  1.924444E+00
  5.280000E-02	  1.925778E+00
  5.290000E-02	  1.927114E+00
  5.300000E-02	  1.928452E+00
  5.310000E-02	  1.929793E+00
  5.320000E-02	  1.931136E+00
  5.330000E-02	  1.932482E+00
  5.340000E-02	  1.933830E+00
  5.350000E-02	  1.935181E+00
  5.360000E-02	  1.936534E+00
  5.370000E-02	  1.937889E+00
  5.380000E-02	  1.939247E+00
  5.390000E-02	  1.940607E+00
  5.400000E-02	  1.941970E+00
  5.410000E-02	  1.943335E+00
  5.420000E-02	  1.944703E+00
  5.430000E-02	  1.946073E+00
  5.440000E-02	  1.947446E+00
  5.450000E-02	  1.948821E+00
  5.460000E-02	  1.950198E+00
  5.470000E-02	  1.951578E+00
  5.480000E-02	  1.952960E+00
  5.490000E-02	  1.954345E+00
  5.500000E-02	  1.955732E+00
  5.510000E-02	  1.957121E+00
  5.520000E-02	  1.958513E+00
  5.530000E-02	  1.959908E+00
  5.540000E-02	  1.961305E+00
  5.550000E-02	  1.962704E+00
  5.560000E-02	  1.964106E+00
  5.570000E-02	  1.965510E+00
  5.580000E-02	  1.966916E+00
  5.590000E-02	  1.968325E+00
  5.600000E-02	  1.969737E+00
  5.610000E-02	  1.971151E+00
  5.620000E-02	  1.972567E+00
  5.630000E-02	  1.973986E+00
  5.640000E-02	  1.975407E+00
  5.650000E-02	  1.976830E+00
  5.660000E-02	  1.978256E+00
  5.670000E-02	  1.979685E+00
  5.680000E-02	  1.981116E+00
  5.690000E-02	  1.982549E+00
  5.700000E-02	  1.983984E+00
  5.710000E-02	  1.985423E+00
  5.720000E-02	  1.986863E+00
  5.730000E-02	  1.988306E+00
  5.740000E-02	  1.989751E+00
  5.750000E-02	  1.991199E+00
  5.760000E-02	  1.992649E+00
  5.770000E-02	  1.994102E+00
  5.780000E-02	  1.995557E+00
  5.790000E-02	  1.997014E+00
  5.800000E-02	  1.998474E+00
  5.810000E-02	  1.999937E+00
  5.820000E-02	  2.001401E+00
  5.830000E-02	  2.002868E+00
  5.840000E-02	  2.004338E+00
  5.850000E-02	  2.005810E+00
  5.860000E-02	  2.007284E+00
  5.870000E-02	  2.008761E+00
  5.880000E-02	  2.010240E+00
  5.890000E-02	  2.011722E+00
  5.900000E-02	  2.013206E+00
  5.910000E-02	  2.014692E+00
  5.920000E-02	  2.016181E+00
  5.930000E-02	  2.017672E+00
  5.940000E-02	  2.019166E+00
  5.950000E-02	  2.020662E+00
  5.960000E-02	  2.022160E+00
  5.970000E-02	  2.023661E+00
  5.980000E-02	  2.025165E+00
  5.990000E-02	  2.026670E+00
  6.000000E-02	  2.028178E+00
  6.010000E-02	  2.029689E+00
  6.020000E-02	  2.031202E+00
  6.030000E-02	  2.032717E+00
  6.040000E-02	  2.034235E+00
  6.050000E-02	  2.035755E+00
  6.060000E-02	  2.037277E+00
  6.070000E-02	  2.038802E+00
  6.080000E-02	  2.040330E+00
  6.090000E-02	  2.041860E+00
  6.100000E-02	  2.043392E+00
  6.110000E-02	  2.044926E+00
  6.120000E-02	  2.046463E+00
  6.130000E-02	  2.048002E+00
  6.140000E-02	  2.049544E+00
  6.150000E-02	  2.051088E+00
  6.160000E-02	  2.052635E+00
  6.170000E-02	  2.054184E+00
  6.180000E-02	  2.055735E+00
  6.190000E-02	  2.057289E+00
  6.200000E-02	  2.058845E+00
  6.210000E-02	  2.060404E+00
  6.220000E-02	  2.061964E+00
  6.230000E-02	  2.063528E+00
  6.240000E-02	  2.065093E+00
  6.250000E-02	  2.066662E+00
  6.260000E-02	  2.068232E+00
  6.270000E-02	  2.069805E+00
  6.280000E-02	  2.071380E+00
  6.290000E-02	  2.072958E+00
  6.300000E-02	  2.074538E+00
  6.310000E-02	  2.076120E+00
  6.320000E-02	  2.077705E+00
  6.330000E-02	  2.079292E+00
  6.340000E-02	  2.080882E+00
  6.350000E-02	  2.082474E+00
  6.360000E-02	  2.084068E+00
  6.370000E-02	  2.085665E+00
  6.380000E-02	  2.087264E+00
  6.390000E-02	  2.088866E+00
  6.400000E-02	  2.090470E+00
  6.410000E-02	  2.092076E+00
  6.420000E-02	  2.093685E+00
  6.430000E-02	  2.095296E+00
  6.440000E-02	  2.096909E+00
  6.450000E-02	  2.098525E+00
  6.460000E-02	  2.100143E+00
  6.470000E-02	  2.101764E+00
  6.480000E-02	  2.103387E+00
  6.490000E-02	  2.105012E+00
  6.500000E-02	  2.106640E+00
  6.510000E-02	  2.108270E+00
  6.520000E-02	  2.109903E+00
  6.530000E-02	  2.111538E+00
  6.540000E-02	  2.113175E+00
  6.550000E-02	  2.114815E+00
  6.560000E-02	  2.116457E+00
  6.570000E-02	  2.118101E+00
  6.580000E-02	  2.119748E+00
  6.590000E-02	  2.121397E+00
  6.600000E-02	  2.123048E+00
  6.610000E-02	  2.124702E+00
  6.620000E-02	  2.126359E+00
  6.630000E-02	  2.128017E+00
  6.640000E-02	  2.129678E+00
  6.650000E-02	  2.131342E+00
  6.660000E-02	  2.133007E+00
  6.670000E-02	  2.134675E+00
  6.680000E-02	  2.136346E+00
  6.690000E-02	  2.138019E+00
  6.700000E-02	  2.139694E+00
  6.710000E-02	  2.141372E+00
  6.720000E-02	  2.143051E+00
  6.730000E-02	  2.144734E+00
  6.740000E-02	  2.146418E+00
  6.750000E-02	  2.148106E+00
  6.760000E-02	  2.149795E+00
  6.770000E-02	  2.151487E+00
  6.780000E-02	  2.153181E+00
  6.790000E-02	  2.154877E+00
  6.800000E-02	  2.156576E+00
  6.810000E-02	  2.158277E+00
  6.820000E-02	  2.159981E+00
  6.830000E-02	  2.161687E+00
  6.840000E-02	  2.163395E+00
  6.850000E-02	  2.165106E+00
  6.860000E-02	  2.166819E+00
  6.870000E-02	  2.168534E+00
  6.880000E-02	  2.170252E+00
  6.890000E-02	  2.171972E+00
  6.900000E-02	  2.173695E+00
  6.910000E-02	  2.175419E+00
  6.920000E-02	  2.177147E+00
  6.930000E-02	  2.178876E+00
  6.940000E-02	  2.180608E+00
  6.950000E-02	  2.182342E+00
  6.960000E-02	  2.184079E+00
  6.970000E-02	  2.185818E+00
  6.980000E-02	  2.187559E+00
  6.990000E-02	  2.189303E+00
  7.000000E-02	  2.191049E+00
  7.010000E-02	  2.192797E+00
  7.020000E-02	  2.194548E+00
  7.030000E-02	  2.196301E+00
  7.040000E-02	  2.198056E+00
  7.050000E-02	  2.199814E+00
  7.060000E-02	  2.201574E+00
  7.070000E-02	  2.203336E+00
  7.080000E-02	  2.205101E+00
  7.090000E-02	  2.206868E+00
  7.100000E-02	  2.208637E+00
  7.110000E-02	  2.210409E+00
  7.120000E-02	  2.212183E+00
  7.130000E-02	  2.213960E+00
  7.140000E-02	  2.215739E+00
  7.150000E-02	  2.217520E+00
  7.160000E-02	  2.219303E+00
  7.170000E-02	  2.221089E+00
  7.180000E-02	  2.222877E+00
  7.190000E-02	  2.224668E+00
  7.200000E-02	  2.226461E+00
  7.210000E-02	  2.228256E+00
  7.220000E-02	  2.230053E+00
  7.230000E-02	  2.231853E+00
  7.240000E-02	  2.233655E+00
  7.250000E-02	  2.235460E+00
  7.260000E-02	  2.237267E+00
  7.270000E-02	  2.239076E+00
  7.280000E-02	  2.240887E+00
  7.290000E-02	  2.242701E+00
  7.300000E-02	  2.244517E+00
  7.310000E-02	  2.246336E+00
  7.320000E-02	  2.248157E+00
  7.330000E-02	  2.249980E+00
  7.340000E-02	  2.251806E+00
  7.350000E-02	  2.253633E+00
  7.360000E-02	  2.255464E+00
  7.370000E-02	  2.257296E+00
  7.380000E-02	  2.259131E+00
  7.390000E-02	  2.260968E+00
  7.400000E-02	  2.262807E+00
  7.410000E-02	  2.264649E+00
  7.420000E-02	  2.266493E+00
  7.430000E-02	  2.268340E+00
  7.440000E-02	  2.270189E+00
  7.450000E-02	  2.272040E+00
  7.460000E-02	  2.273893E+00
  7.470000E-02	  2.275749E+00
  7.480000E-02	  2.277607E+00
  7.490000E-02	  2.279467E+00
  7.500000E-02	  2.281330E+00
  7.510000E-02	  2.283195E+00
  7.520000E-02	  2.285062E+00
  7.530000E-02	  2.286932E+00
  7.540000E-02	  2.288804E+00
  7.550000E-02	  2.290678E+00
  7.560000E-02	  2.292555E+00
  7.570000E-02	  2.294434E+00
  7.580000E-02	  2.296315E+00
  7.590000E-02	  2.298198E+00
  7.600000E-02	  2.300084E+00
  7.610000E-02	  2.301972E+00
  7.620000E-02	  2.303863E+00
  7.630000E-02	  2.305756E+00
  7.640000E-02	  2.307651E+00
  7.650000E-02	  2.309548E+00
  7.660000E-02	  2.311448E+00
  7.670000E-02	  2.313350E+00
  7.680000E-02	  2.315254E+00
  7.690000E-02	  2.317161E+00
  7.700000E-02	  2.319070E+00
  7.710000E-02	  2.320981E+00
  7.720000E-02	  2.322894E+00
  7.730000E-02	  2.324810E+00
  7.740000E-02	  2.326728E+00
  7.750000E-02	  2.328649E+00
  7.760000E-02	  2.330572E+00
  7.770000E-02	  2.332497E+00
  7.780000E-02	  2.334424E+00
  7.790000E-02	  2.336354E+00
  7.800000E-02	  2.338286E+00
  7.810000E-02	  2.340220E+00
  7.820000E-02	  2.342156E+00
  7.830000E-02	  2.344095E+00
  7.840000E-02	  2.346036E+00
  7.850000E-02	  2.347980E+00
  7.860000E-02	  2.349926E+00
  7.870000E-02	  2.351874E+00
  7.880000E-02	  2.353824E+00
  7.890000E-02	  2.355777E+00
  7.900000E-02	  2.357732E+00
  7.910000E-02	  2.359689E+00
  7.920000E-02	  2.361648E+00
  7.930000E-02	  2.363610E+00
  7.940000E-02	  2.365574E+00
  7.950000E-02	  2.367540E+00
  7.960000E-02	  2.369509E+00
  7.970000E-02	  2.371480E+00
  7.980000E-02	  2.373453E+00
  7.990000E-02	  2.375429E+00
  8.000000E-02	  2.377407E+00
  8.010000E-02	  2.379387E+00
  8.020000E-02	  2.381369E+00
  8.030000E-02	  2.383354E+00
  8.040000E-02	  2.385341E+00
  8.050000E-02	  2.387330E+00
  8.060000E-02	  2.389321E+00
  8.070000E-02	  2.391315E+00
  8.080000E-02	  2.393311E+00
  8.090000E-02	  2.395310E+00
  8.100000E-02	  2.397310E+00
  8.110000E-02	  2.399313E+00
  8.120000E-02	  2.401318E+00
  8.130000E-02	  2.403326E+00
  8.140000E-02	  2.405336E+00
  8.150000E-02	  2.407348E+00
  8.160000E-02	  2.409362E+00
  8.170000E-02	  2.411378E+00
  8.180000E-02	  2.413397E+00
  8.190000E-02	  2.415418E+00
  8.200000E-02	  2.417442E+00
  8.210000E-02	  2.419467E+00
  8.220000E-02	  2.421495E+00
  8.230000E-02	  2.423525E+00
  8.240000E-02	  2.425558E+00
  8.250000E-02	  2.427593E+00
  8.260000E-02	  2.429630E+00
  8.270000E-02	  2.431669E+00
  8.280000E-02	  2.433710E+00
  8.290000E-02	  2.435754E+00
  8.300000E-02	  2.437800E+00
  8.310000E-02	  2.439849E+00
  8.320000E-02	  2.441899E+00
  8.330000E-02	  2.443952E+00
  8.340000E-02	  2.446007E+00
  8.350000E-02	  2.448065E+00
  8.360000E-02	  2.450124E+00
  8.370000E-02	  2.452186E+00
  8.380000E-02	  2.454250E+00
  8.390000E-02	  2.456317E+00
  8.400000E-02	  2.458385E+00
  8.410000E-02	  2.460456E+00
  8.420000E-02	  2.462530E+00
  8.430000E-02	  2.464605E+00
  8.440000E-02	  2.466683E+00
  8.450000E-02	  2.468763E+00
  8.460000E-02	  2.470845E+00
  8.470000E-02	  2.472929E+00
  8.480000E-02	  2.475016E+00
  8.490000E-02	  2.477105E+00
  8.500000E-02	  2.479196E+00
  8.510000E-02	  2.481290E+00
  8.520000E-02	  2.483386E+00
  8.530000E-02	  2.485484E+00
  8.540000E-02	  2.487584E+00
  8.550000E-02	  2.489686E+00
  8.560000E-02	  2.491791E+00
  8.570000E-02	  2.493898E+00
  8.580000E-02	  2.496007E+00
  8.590000E-02	  2.498119E+00
  8.600000E-02	  2.500232E+00
  8.610000E-02	  2.502348E+00
  8.620000E-02	  2.504467E+00
  8.630000E-02	  2.506587E+00
  8.640000E-02	  2.508710E+00
  8.650000E-02	  2.510835E+00
  8.660000E-02	  2.512962E+00
  8.670000E-02	  2.515091E+00
  8.680000E-02	  2.517223E+00
  8.690000E-02	  2.519357E+00
  8.700000E-02	  2.521493E+00
  8.710000E-02	  2.523631E+00
  8.720000E-02	  2.525772E+00
  8.730000E-02	  2.527915E+00
  8.740000E-02	  2.530060E+00
  8.750000E-02	  2.532207E+00
  8.760000E-02	  2.534356E+00
  8.770000E-02	  2.536508E+00
  8.780000E-02	  2.538662E+00
  8.790000E-02	  2.540818E+00
  8.800000E-02	  2.542977E+00
  8.810000E-02	  2.545138E+00
  8.820000E-02	  2.547300E+00
  8.830000E-02	  2.549466E+00
  8.840000E-02	  2.551633E+00
  8.850000E-02	  2.553803E+00
  8.860000E-02	  2.555974E+00
  8.870000E-02	  2.558148E+00
  8.880000E-02	  2.560325E+00
  8.890000E-02	  2.562503E+00
  8.900000E-02	  2.564684E+00
  8.910000E-02	  2.566867E+00
  8.920000E-02	  2.569052E+00
  8.930000E-02	  2.571239E+00
  8.940000E-02	  2.573429E+00
  8.950000E-02	  2.575621E+00
  8.960000E-02	  2.577815E+00
  8.970000E-02	  2.580011E+00
  8.980000E-02	  2.582210E+00
  8.990000E-02	  2.584410E+00
  9.000000E-02	  2.586613E+00
  9.010000E-02	  2.588818E+00
  9.020000E-02	  2.591026E+00
  9.030000E-02	  2.593235E+00
  9.040000E-02	  2.595447E+00
  9.050000E-02	  2.597661E+00
  9.060000E-02	  2.599877E+00
  9.070000E-02	  2.602095E+00
  9.080000E-02	  2.604316E+00
  9.090000E-02	  2.606539E+00
  9.100000E-02	  2.608764E+00
  9.110000E-02	  2.610991E+00
  9.120000E-02	  2.613221E+00
  9.130000E-02	  2.615452E+00
  9.140000E-02	  2.617686E+00
  9.150000E-02	  2.619922E+00
  9.160000E-02	  2.622160E+00
  9.170000E-02	  2.624401E+00
  9.180000E-02	  2.626643E+00
  9.190000E-02	  2.628888E+00
  9.200000E-02	  2.631135E+00
  9.210000E-02	  2.633385E+00
  9.220000E-02	  2.635636E+00
  9.230000E-02	  2.637890E+00
  9.240000E-02	  2.640146E+00
  9.250000E-02	  2.642404E+00
  9.260000E-02	  2.644664E+00
  9.270000E-02	  2.646926E+00
  9.280000E-02	  2.649191E+00
  9.290000E-02	  2.651458E+00
  9.300000E-02	  2.653727E+00
  9.310000E-02	  2.655998E+00
  9.320000E-02	  2.658271E+00
  9.330000E-02	  2.660547E+00
  9.340000E-02	  2.662825E+00
  9.350000E-02	  2.665105E+00
  9.360000E-02	  2.667387E+00
  9.370000E-02	  2.669671E+00
  9.380000E-02	  2.671958E+00
  9.390000E-02	  2.674247E+00
  9.400000E-02	  2.676538E+00
  9.410000E-02	  2.678831E+00
  9.420000E-02	  2.681126E+00
  9.430000E-02	  2.683423E+00
  9.440000E-02	  2.685723E+00
  9.450000E-02	  2.688025E+00
  9.460000E-02	  2.690329E+00
  9.470000E-02	  2.692635E+00
  9.480000E-02	  2.694944E+00
  9.490000E-02	  2.697254E+00
  9.500000E-02	  2.699567E+00
  9.510000E-02	  2.701882E+00
  9.520000E-02	  2.704199E+00
  9.530000E-02	  2.706518E+00
  9.540000E-02	  2.708840E+00
  9.550000E-02	  2.711163E+00
  9.560000E-02	  2.713489E+00
  9.570000E-02	  2.715817E+00
  9.580000E-02	  2.718147E+00
  9.590000E-02	  2.720479E+00
  9.600000E-02	  2.722814E+00
  9.610000E-02	  2.725151E+00
  9.620000E-02	  2.727489E+00
  9.630000E-02	  2.729830E+00
  9.640000E-02	  2.732173E+00
  9.650000E-02	  2.734519E+00
  9.660000E-02	  2.736866E+00
  9.670000E-02	  2.739216E+00
  9.680000E-02	  2.741568E+00
  9.690000E-02	  2.743922E+00
  9.700000E-02	  2.746278E+00
  9.710000E-02	  2.748636E+00
  9.720000E-02	  2.750997E+00
  9.730000E-02	  2.753359E+00
  9.740000E-02	  2.755724E+00
  9.750000E-02	  2.758091E+00
  9.760000E-02	  2.760460E+00
  9.770000E-02	  2.762831E+00
  9.780000E-02	  2.765205E+00
  9.790000E-02	  2.767580E+00
  9.800000E-02	  2.769958E+00
  9.810000E-02	  2.772338E+00
  9.820000E-02	  2.774720E+00
  9.830000E-02	  2.777104E+00
  9.840000E-02	  2.779490E+00
  9.850000E-02	  2.781879E+00
  9.860000E-02	  2.784270E+00
  9.870000E-02	  2.786662E+00
  9.880000E-02	  2.789057E+00
  9.890000E-02	  2.791454E+00
  9.900000E-02	  2.793854E+00
  9.910000E-02	  2.796255E+00
  9.920000E-02	  2.798659E+00
  9.930000E-02	  2.801064E+00
  9.940000E-02	  2.803472E+00
  9.950000E-02	  2.805882E+00
  9.960000E-02	  2.808294E+00
  9.970000E-02	  2.810708E+00
  9.980000E-02	  2.813125E+00
  9.990000E-02	  2.815543E+00
  1.000000E-01	  2.817964E+00
  1.001000E-01	  2.820387E+00
  1.002000E-01	  2.822812E+00
  1.003000E-01	  2.825239E+00
  1.004000E-01	  2.827668E+00
  1.005000E-01	  2.830099E+00
  1.006000E-01	  2.832533E+00
  1.007000E-01	  2.834968E+00
  1.008000E-01	  2.837406E+00
  1.009000E-01	  2.839846E+00
  1.010000E-01	  2.842288E+00
  1.011000E-01	  2.844732E+00
  1.012000E-01	  2.847178E+00
  1.013000E-01	  2.849627E+00
  1.014000E-01	  2.852077E+00
  1.015000E-01	  2.854530E+00
  1.016000E-01	  2.856985E+00
  1.017000E-01	  2.859442E+00
  1.018000E-01	  2.861901E+00
  1.019000E-01	  2.864362E+00
  1.020000E-01	  2.866825E+00
  1.021000E-01	  2.869291E+00
  1.022000E-01	  2.871758E+00
  1.023000E-01	  2.874228E+00
