Listing of POP Phase Cross-Section Data

File : C:\Users\liyitong\Documents\Zemax\Autosave\Recovered\R_fu_05.zos
Title: 
Date : 2026/6/29


Phase X-Cross section surface 4 
Beam wavelength is 1.00000 µm in the media with index 1.00000 at 0.0000 (deg)
Center, Y = 0.0000E+00
Beam Width X = 1.14955E-01, Y = 1.14955E-01 Millimeters
Grid size (X by Y): 2048 by 2048


  X Coordinate	    Phase (rad)
 -1.024013E-01	  2.585915E+00
 -1.023013E-01	  2.465125E+00
 -1.022013E-01	  2.344438E+00
 -1.021013E-01	  2.223854E+00
 -1.020013E-01	  2.103373E+00
 -1.019013E-01	  1.982996E+00
 -1.018013E-01	  1.862722E+00
 -1.017013E-01	  1.742551E+00
 -1.016013E-01	  1.622484E+00
 -1.015013E-01	  1.502521E+00
 -1.014013E-01	  1.382661E+00
 -1.013013E-01	  1.262905E+00
 -1.012013E-01	  1.143252E+00
 -1.011013E-01	  1.023703E+00
 -1.010013E-01	  9.042582E-01
 -1.009013E-01	  7.849168E-01
 -1.008013E-01	  6.656793E-01
 -1.007013E-01	  5.465456E-01
 -1.006013E-01	  4.275158E-01
 -1.005013E-01	  3.085899E-01
 -1.004013E-01	  1.897680E-01
 -1.003013E-01	  7.105016E-02
 -1.002013E-01	 -4.756364E-02
 -1.001013E-01	 -1.660733E-01
 -1.000013E-01	 -2.844789E-01
 -9.990129E-02	 -4.027802E-01
 -9.980129E-02	 -5.209774E-01
 -9.970129E-02	 -6.390702E-01
 -9.960129E-02	 -7.570588E-01
 -9.950129E-02	 -8.749430E-01
 -9.940129E-02	 -9.927228E-01
 -9.930129E-02	 -1.110398E+00
 -9.920129E-02	 -1.227969E+00
 -9.910128E-02	 -1.345436E+00
 -9.900128E-02	 -1.462797E+00
 -9.890128E-02	 -1.580055E+00
 -9.880128E-02	 -1.697207E+00
 -9.870128E-02	 -1.814255E+00
 -9.860128E-02	 -1.931199E+00
 -9.850128E-02	 -2.048037E+00
 -9.840128E-02	 -2.164771E+00
 -9.830127E-02	 -2.281400E+00
 -9.820127E-02	 -2.397924E+00
 -9.810127E-02	 -2.514343E+00
 -9.800127E-02	 -2.630657E+00
 -9.790127E-02	 -2.746866E+00
 -9.780127E-02	 -2.862970E+00
 -9.770127E-02	 -2.978969E+00
 -9.760126E-02	 -3.094863E+00
 -9.750126E-02	  3.072533E+00
 -9.740126E-02	  2.956850E+00
 -9.730126E-02	  2.841271E+00
 -9.720126E-02	  2.725798E+00
 -9.710126E-02	  2.610430E+00
 -9.700126E-02	  2.495168E+00
 -9.690126E-02	  2.380011E+00
 -9.680125E-02	  2.264959E+00
 -9.670125E-02	  2.150013E+00
 -9.660125E-02	  2.035173E+00
 -9.650125E-02	  1.920438E+00
 -9.640125E-02	  1.805808E+00
 -9.630125E-02	  1.691284E+00
 -9.620125E-02	  1.576866E+00
 -9.610125E-02	  1.462554E+00
 -9.600124E-02	  1.348347E+00
 -9.590124E-02	  1.234246E+00
 -9.580124E-02	  1.120251E+00
 -9.570124E-02	  1.006362E+00
 -9.560124E-02	  8.925782E-01
 -9.550124E-02	  7.789008E-01
 -9.540124E-02	  6.653294E-01
 -9.530124E-02	  5.518640E-01
 -9.520123E-02	  4.385047E-01
 -9.510123E-02	  3.252514E-01
 -9.500123E-02	  2.121043E-01
 -9.490123E-02	  9.906344E-02
 -9.480123E-02	 -1.387125E-02
 -9.470123E-02	 -1.266997E-01
 -9.460123E-02	 -2.394218E-01
 -9.450122E-02	 -3.520376E-01
 -9.440122E-02	 -4.645470E-01
 -9.430122E-02	 -5.769501E-01
 -9.420122E-02	 -6.892466E-01
 -9.410122E-02	 -8.014367E-01
 -9.400122E-02	 -9.135202E-01
 -9.390122E-02	 -1.025497E+00
 -9.380122E-02	 -1.137368E+00
 -9.370121E-02	 -1.249131E+00
 -9.360121E-02	 -1.360788E+00
 -9.350121E-02	 -1.472339E+00
 -9.340121E-02	 -1.583782E+00
 -9.330121E-02	 -1.695119E+00
 -9.320121E-02	 -1.806349E+00
 -9.310121E-02	 -1.917472E+00
 -9.300121E-02	 -2.028488E+00
 -9.290120E-02	 -2.139397E+00
 -9.280120E-02	 -2.250199E+00
 -9.270120E-02	 -2.360894E+00
 -9.260120E-02	 -2.471483E+00
 -9.250120E-02	 -2.581963E+00
 -9.240120E-02	 -2.692337E+00
 -9.230120E-02	 -2.802604E+00
 -9.220119E-02	 -2.912763E+00
 -9.210119E-02	 -3.022815E+00
 -9.200119E-02	 -3.132760E+00
 -9.190119E-02	  3.040587E+00
 -9.180119E-02	  2.930857E+00
 -9.170119E-02	  2.821235E+00
 -9.160119E-02	  2.711719E+00
 -9.150119E-02	  2.602312E+00
 -9.140118E-02	  2.493011E+00
 -9.130118E-02	  2.383819E+00
 -9.120118E-02	  2.274733E+00
 -9.110118E-02	  2.165756E+00
 -9.100118E-02	  2.056886E+00
 -9.090118E-02	  1.948124E+00
 -9.080118E-02	  1.839470E+00
 -9.070118E-02	  1.730923E+00
 -9.060117E-02	  1.622485E+00
 -9.050117E-02	  1.514154E+00
 -9.040117E-02	  1.405931E+00
 -9.030117E-02	  1.297816E+00
 -9.020117E-02	  1.189809E+00
 -9.010117E-02	  1.081910E+00
 -9.000117E-02	  9.741191E-01
 -8.990117E-02	  8.664363E-01
 -8.980116E-02	  7.588616E-01
 -8.970116E-02	  6.513950E-01
 -8.960116E-02	  5.440367E-01
 -8.950116E-02	  4.367866E-01
 -8.940116E-02	  3.296448E-01
 -8.930116E-02	  2.226113E-01
 -8.920116E-02	  1.156861E-01
 -8.910115E-02	  8.869363E-03
 -8.900115E-02	 -9.783897E-02
 -8.890115E-02	 -2.044388E-01
 -8.880115E-02	 -3.109302E-01
 -8.870115E-02	 -4.173130E-01
 -8.860115E-02	 -5.235873E-01
 -8.850115E-02	 -6.297529E-01
 -8.840115E-02	 -7.358099E-01
 -8.830114E-02	 -8.417582E-01
 -8.820114E-02	 -9.475978E-01
 -8.810114E-02	 -1.053329E+00
 -8.800114E-02	 -1.158951E+00
 -8.790114E-02	 -1.264464E+00
 -8.780114E-02	 -1.369868E+00
 -8.770114E-02	 -1.475164E+00
 -8.760114E-02	 -1.580350E+00
 -8.750113E-02	 -1.685428E+00
 -8.740113E-02	 -1.790396E+00
 -8.730113E-02	 -1.895256E+00
 -8.720113E-02	 -2.000006E+00
 -8.710113E-02	 -2.104647E+00
 -8.700113E-02	 -2.209179E+00
 -8.690113E-02	 -2.313602E+00
 -8.680112E-02	 -2.417916E+00
 -8.670112E-02	 -2.522120E+00
 -8.660112E-02	 -2.626215E+00
 -8.650112E-02	 -2.730201E+00
 -8.640112E-02	 -2.834077E+00
 -8.630112E-02	 -2.937844E+00
 -8.620112E-02	 -3.041502E+00
 -8.610112E-02	  3.138136E+00
 -8.600111E-02	  3.034697E+00
 -8.590111E-02	  2.931368E+00
 -8.580111E-02	  2.828149E+00
 -8.570111E-02	  2.725039E+00
 -8.560111E-02	  2.622039E+00
 -8.550111E-02	  2.519149E+00
 -8.540111E-02	  2.416369E+00
 -8.530111E-02	  2.313698E+00
 -8.520110E-02	  2.211137E+00
 -8.510110E-02	  2.108686E+00
 -8.500110E-02	  2.006344E+00
 -8.490110E-02	  1.904113E+00
 -8.480110E-02	  1.801992E+00
 -8.470110E-02	  1.699980E+00
 -8.460110E-02	  1.598079E+00
 -8.450110E-02	  1.496288E+00
 -8.440109E-02	  1.394607E+00
 -8.430109E-02	  1.293035E+00
 -8.420109E-02	  1.191575E+00
 -8.410109E-02	  1.090224E+00
 -8.400109E-02	  9.889834E-01
 -8.390109E-02	  8.878532E-01
 -8.380109E-02	  7.868333E-01
 -8.370108E-02	  6.859237E-01
 -8.360108E-02	  5.851246E-01
 -8.350108E-02	  4.844358E-01
 -8.340108E-02	  3.838575E-01
 -8.330108E-02	  2.833897E-01
 -8.320108E-02	  1.830324E-01
 -8.310108E-02	  8.278567E-02
 -8.300108E-02	 -1.735049E-02
 -8.290107E-02	 -1.173760E-01
 -8.280107E-02	 -2.172909E-01
 -8.270107E-02	 -3.170951E-01
 -8.260107E-02	 -4.167885E-01
 -8.250107E-02	 -5.163712E-01
 -8.240107E-02	 -6.158431E-01
 -8.230107E-02	 -7.152041E-01
 -8.220107E-02	 -8.144543E-01
 -8.210106E-02	 -9.135936E-01
 -8.200106E-02	 -1.012622E+00
 -8.190106E-02	 -1.111539E+00
 -8.180106E-02	 -1.210346E+00
 -8.170106E-02	 -1.309041E+00
 -8.160106E-02	 -1.407625E+00
 -8.150106E-02	 -1.506098E+00
 -8.140105E-02	 -1.604460E+00
 -8.130105E-02	 -1.702711E+00
 -8.120105E-02	 -1.800851E+00
 -8.110105E-02	 -1.898879E+00
 -8.100105E-02	 -1.996796E+00
 -8.090105E-02	 -2.094602E+00
 -8.080105E-02	 -2.192296E+00
 -8.070105E-02	 -2.289880E+00
 -8.060104E-02	 -2.387351E+00
 -8.050104E-02	 -2.484711E+00
 -8.040104E-02	 -2.581960E+00
 -8.030104E-02	 -2.679097E+00
 -8.020104E-02	 -2.776123E+00
 -8.010104E-02	 -2.873037E+00
 -8.000104E-02	 -2.969839E+00
 -7.990104E-02	 -3.066530E+00
 -7.980103E-02	  3.120076E+00
 -7.970103E-02	  3.023609E+00
 -7.960103E-02	  2.927254E+00
 -7.950103E-02	  2.831010E+00
 -7.940103E-02	  2.734878E+00
 -7.930103E-02	  2.638858E+00
 -7.920103E-02	  2.542950E+00
 -7.910103E-02	  2.447153E+00
 -7.900102E-02	  2.351469E+00
 -7.890102E-02	  2.255897E+00
 -7.880102E-02	  2.160436E+00
 -7.870102E-02	  2.065088E+00
 -7.860102E-02	  1.969852E+00
 -7.850102E-02	  1.874728E+00
 -7.840102E-02	  1.779716E+00
 -7.830101E-02	  1.684816E+00
 -7.820101E-02	  1.590029E+00
 -7.810101E-02	  1.495354E+00
 -7.800101E-02	  1.400791E+00
 -7.790101E-02	  1.306340E+00
 -7.780101E-02	  1.212002E+00
 -7.770101E-02	  1.117776E+00
 -7.760101E-02	  1.023663E+00
 -7.750100E-02	  9.296621E-01
 -7.740100E-02	  8.357737E-01
 -7.730100E-02	  7.419978E-01
 -7.720100E-02	  6.483344E-01
 -7.710100E-02	  5.547837E-01
 -7.700100E-02	  4.613456E-01
 -7.690100E-02	  3.680201E-01
 -7.680100E-02	  2.748073E-01
 -7.670099E-02	  1.817072E-01
 -7.660099E-02	  8.871990E-02
 -7.650099E-02	 -4.154632E-03
 -7.640099E-02	 -9.691634E-02
 -7.630099E-02	 -1.895652E-01
 -7.620099E-02	 -2.821012E-01
 -7.610099E-02	 -3.745242E-01
 -7.600098E-02	 -4.668344E-01
 -7.590098E-02	 -5.590315E-01
 -7.580098E-02	 -6.511156E-01
 -7.570098E-02	 -7.430867E-01
 -7.560098E-02	 -8.349447E-01
 -7.550098E-02	 -9.266895E-01
 -7.540098E-02	 -1.018321E+00
 -7.530098E-02	 -1.109840E+00
 -7.520097E-02	 -1.201245E+00
 -7.510097E-02	 -1.292537E+00
 -7.500097E-02	 -1.383716E+00
 -7.490097E-02	 -1.474782E+00
 -7.480097E-02	 -1.565734E+00
 -7.470097E-02	 -1.656573E+00
 -7.460097E-02	 -1.747298E+00
 -7.450097E-02	 -1.837910E+00
 -7.440096E-02	 -1.928409E+00
 -7.430096E-02	 -2.018794E+00
 -7.420096E-02	 -2.109065E+00
 -7.410096E-02	 -2.199223E+00
 -7.400096E-02	 -2.289268E+00
 -7.390096E-02	 -2.379198E+00
 -7.380096E-02	 -2.469016E+00
 -7.370096E-02	 -2.558719E+00
 -7.360095E-02	 -2.648309E+00
 -7.350095E-02	 -2.737785E+00
 -7.340095E-02	 -2.827147E+00
 -7.330095E-02	 -2.916395E+00
 -7.320095E-02	 -3.005530E+00
 -7.310095E-02	 -3.094550E+00
 -7.300095E-02	  3.099728E+00
 -7.290094E-02	  3.010935E+00
 -7.280094E-02	  2.922256E+00
 -7.270094E-02	  2.833692E+00
 -7.260094E-02	  2.745241E+00
 -7.250094E-02	  2.656904E+00
 -7.240094E-02	  2.568681E+00
 -7.230094E-02	  2.480573E+00
 -7.220094E-02	  2.392578E+00
 -7.210093E-02	  2.304698E+00
 -7.200093E-02	  2.216932E+00
 -7.190093E-02	  2.129280E+00
 -7.180093E-02	  2.041743E+00
 -7.170093E-02	  1.954320E+00
 -7.160093E-02	  1.867011E+00
 -7.150093E-02	  1.779817E+00
 -7.140093E-02	  1.692736E+00
 -7.130092E-02	  1.605771E+00
 -7.120092E-02	  1.518920E+00
 -7.110092E-02	  1.432183E+00
 -7.100092E-02	  1.345561E+00
 -7.090092E-02	  1.259053E+00
 -7.080092E-02	  1.172660E+00
 -7.070092E-02	  1.086382E+00
 -7.060091E-02	  1.000218E+00
 -7.050091E-02	  9.141690E-01
 -7.040091E-02	  8.282347E-01
 -7.030091E-02	  7.424150E-01
 -7.020091E-02	  6.567101E-01
 -7.010091E-02	  5.711201E-01
 -7.000091E-02	  4.856448E-01
 -6.990091E-02	  4.002844E-01
 -6.980090E-02	  3.150389E-01
 -6.970090E-02	  2.299083E-01
 -6.960090E-02	  1.448927E-01
 -6.950090E-02	  5.999200E-02
 -6.940090E-02	 -2.479366E-02
 -6.930090E-02	 -1.094643E-01
 -6.920090E-02	 -1.940199E-01
 -6.910090E-02	 -2.784603E-01
 -6.900089E-02	 -3.627857E-01
 -6.890089E-02	 -4.469958E-01
 -6.880089E-02	 -5.310908E-01
 -6.870089E-02	 -6.150706E-01
 -6.860089E-02	 -6.989352E-01
 -6.850089E-02	 -7.826844E-01
 -6.840089E-02	 -8.663184E-01
 -6.830089E-02	 -9.498370E-01
 -6.820088E-02	 -1.033240E+00
 -6.810088E-02	 -1.116528E+00
 -6.800088E-02	 -1.199701E+00
 -6.790088E-02	 -1.282758E+00
 -6.780088E-02	 -1.365699E+00
 -6.770088E-02	 -1.448525E+00
 -6.760088E-02	 -1.531236E+00
 -6.750087E-02	 -1.613831E+00
 -6.740087E-02	 -1.696310E+00
 -6.730087E-02	 -1.778674E+00
 -6.720087E-02	 -1.860922E+00
 -6.710087E-02	 -1.943054E+00
 -6.700087E-02	 -2.025071E+00
 -6.690087E-02	 -2.106972E+00
 -6.680087E-02	 -2.188757E+00
 -6.670086E-02	 -2.270426E+00
 -6.660086E-02	 -2.351979E+00
 -6.650086E-02	 -2.433417E+00
 -6.640086E-02	 -2.514739E+00
 -6.630086E-02	 -2.595945E+00
 -6.620086E-02	 -2.677035E+00
 -6.610086E-02	 -2.758009E+00
 -6.600086E-02	 -2.838866E+00
 -6.590085E-02	 -2.919608E+00
 -6.580085E-02	 -3.000234E+00
 -6.570085E-02	 -3.080744E+00
 -6.560085E-02	  3.122048E+00
 -6.550085E-02	  3.041770E+00
 -6.540085E-02	  2.961609E+00
 -6.530085E-02	  2.881564E+00
 -6.520085E-02	  2.801635E+00
 -6.510084E-02	  2.721822E+00
 -6.500084E-02	  2.642126E+00
 -6.490084E-02	  2.562546E+00
 -6.480084E-02	  2.483082E+00
 -6.470084E-02	  2.403735E+00
 -6.460084E-02	  2.324504E+00
 -6.450084E-02	  2.245389E+00
 -6.440083E-02	  2.166391E+00
 -6.430083E-02	  2.087510E+00
 -6.420083E-02	  2.008745E+00
 -6.410083E-02	  1.930096E+00
 -6.400083E-02	  1.851564E+00
 -6.390083E-02	  1.773149E+00
 -6.380083E-02	  1.694850E+00
 -6.370083E-02	  1.616668E+00
 -6.360082E-02	  1.538603E+00
 -6.350082E-02	  1.460654E+00
 -6.340082E-02	  1.382822E+00
 -6.330082E-02	  1.305107E+00
 -6.320082E-02	  1.227508E+00
 -6.310082E-02	  1.150027E+00
 -6.300082E-02	  1.072662E+00
 -6.290082E-02	  9.954138E-01
 -6.280081E-02	  9.182828E-01
 -6.270081E-02	  8.412687E-01
 -6.260081E-02	  7.643715E-01
 -6.250081E-02	  6.875913E-01
 -6.240081E-02	  6.109282E-01
 -6.230081E-02	  5.343820E-01
 -6.220081E-02	  4.579529E-01
 -6.210080E-02	  3.816409E-01
 -6.200080E-02	  3.054460E-01
 -6.190080E-02	  2.293683E-01
 -6.180080E-02	  1.534077E-01
 -6.170080E-02	  7.756429E-02
 -6.160080E-02	  1.838120E-03
 -6.150080E-02	 -7.377081E-02
 -6.140080E-02	 -1.492625E-01
 -6.130079E-02	 -2.246368E-01
 -6.120079E-02	 -2.998938E-01
 -6.110079E-02	 -3.750335E-01
 -6.100079E-02	 -4.500558E-01
 -6.090079E-02	 -5.249607E-01
 -6.080079E-02	 -5.997481E-01
 -6.070079E-02	 -6.744181E-01
 -6.060079E-02	 -7.489706E-01
 -6.050078E-02	 -8.234056E-01
 -6.040078E-02	 -8.977231E-01
 -6.030078E-02	 -9.719229E-01
 -6.020078E-02	 -1.046005E+00
 -6.010078E-02	 -1.119970E+00
 -6.000078E-02	 -1.193817E+00
 -5.990078E-02	 -1.267546E+00
 -5.980078E-02	 -1.341158E+00
 -5.970077E-02	 -1.414652E+00
 -5.960077E-02	 -1.488028E+00
 -5.950077E-02	 -1.561286E+00
 -5.940077E-02	 -1.634427E+00
 -5.930077E-02	 -1.707450E+00
 -5.920077E-02	 -1.780355E+00
 -5.910077E-02	 -1.853142E+00
 -5.900076E-02	 -1.925811E+00
 -5.890076E-02	 -1.998362E+00
 -5.880076E-02	 -2.070796E+00
 -5.870076E-02	 -2.143111E+00
 -5.860076E-02	 -2.215308E+00
 -5.850076E-02	 -2.287387E+00
 -5.840076E-02	 -2.359349E+00
 -5.830076E-02	 -2.431192E+00
 -5.820075E-02	 -2.502917E+00
 -5.810075E-02	 -2.574523E+00
 -5.800075E-02	 -2.646012E+00
 -5.790075E-02	 -2.717383E+00
 -5.780075E-02	 -2.788635E+00
 -5.770075E-02	 -2.859769E+00
 -5.760075E-02	 -2.930785E+00
 -5.750075E-02	 -3.001682E+00
 -5.740074E-02	 -3.072462E+00
 -5.730074E-02	  3.140063E+00
 -5.720074E-02	  3.069520E+00
 -5.710074E-02	  2.999096E+00
 -5.700074E-02	  2.928791E+00
 -5.690074E-02	  2.858603E+00
 -5.680074E-02	  2.788535E+00
 -5.670073E-02	  2.718584E+00
 -5.660073E-02	  2.648752E+00
 -5.650073E-02	  2.579039E+00
 -5.640073E-02	  2.509444E+00
 -5.630073E-02	  2.439968E+00
 -5.620073E-02	  2.370611E+00
 -5.610073E-02	  2.301372E+00
 -5.600073E-02	  2.232252E+00
 -5.590072E-02	  2.163250E+00
 -5.580072E-02	  2.094367E+00
 -5.570072E-02	  2.025603E+00
 -5.560072E-02	  1.956958E+00
 -5.550072E-02	  1.888431E+00
 -5.540072E-02	  1.820024E+00
 -5.530072E-02	  1.751735E+00
 -5.520072E-02	  1.683565E+00
 -5.510071E-02	  1.615514E+00
 -5.500071E-02	  1.547581E+00
 -5.490071E-02	  1.479768E+00
 -5.480071E-02	  1.412074E+00
 -5.470071E-02	  1.344498E+00
 -5.460071E-02	  1.277042E+00
 -5.450071E-02	  1.209704E+00
 -5.440071E-02	  1.142486E+00
 -5.430070E-02	  1.075387E+00
 -5.420070E-02	  1.008407E+00
 -5.410070E-02	  9.415455E-01
 -5.400070E-02	  8.748036E-01
 -5.390070E-02	  8.081808E-01
 -5.380070E-02	  7.416773E-01
 -5.370070E-02	  6.752929E-01
 -5.360069E-02	  6.090278E-01
 -5.350069E-02	  5.428820E-01
 -5.340069E-02	  4.768554E-01
 -5.330069E-02	  4.109482E-01
 -5.320069E-02	  3.451603E-01
 -5.310069E-02	  2.794917E-01
 -5.300069E-02	  2.139425E-01
 -5.290069E-02	  1.485128E-01
 -5.280068E-02	  8.320240E-02
 -5.270068E-02	  1.801149E-02
 -5.260068E-02	 -4.705994E-02
 -5.250068E-02	 -1.120119E-01
 -5.240068E-02	 -1.768443E-01
 -5.230068E-02	 -2.415572E-01
 -5.220068E-02	 -3.061505E-01
 -5.210068E-02	 -3.706242E-01
 -5.200067E-02	 -4.349783E-01
 -5.190067E-02	 -4.992128E-01
 -5.180067E-02	 -5.633277E-01
 -5.170067E-02	 -6.273228E-01
 -5.160067E-02	 -6.911983E-01
 -5.150067E-02	 -7.549540E-01
 -5.140067E-02	 -8.185900E-01
 -5.130066E-02	 -8.821062E-01
 -5.120066E-02	 -9.455026E-01
 -5.110066E-02	 -1.008779E+00
 -5.100066E-02	 -1.071936E+00
 -5.090066E-02	 -1.134973E+00
 -5.080066E-02	 -1.197890E+00
 -5.070066E-02	 -1.260687E+00
 -5.060066E-02	 -1.323364E+00
 -5.050065E-02	 -1.385921E+00
 -5.040065E-02	 -1.448359E+00
 -5.030065E-02	 -1.510676E+00
 -5.020065E-02	 -1.572873E+00
 -5.010065E-02	 -1.634950E+00
 -5.000065E-02	 -1.696908E+00
 -4.990065E-02	 -1.758745E+00
 -4.980065E-02	 -1.820462E+00
 -4.970064E-02	 -1.882059E+00
 -4.960064E-02	 -1.943535E+00
 -4.950064E-02	 -2.004892E+00
 -4.940064E-02	 -2.066128E+00
 -4.930064E-02	 -2.127244E+00
 -4.920064E-02	 -2.188240E+00
 -4.910064E-02	 -2.249116E+00
 -4.900064E-02	 -2.309871E+00
 -4.890063E-02	 -2.370506E+00
 -4.880063E-02	 -2.431021E+00
 -4.870063E-02	 -2.491415E+00
 -4.860063E-02	 -2.551689E+00
 -4.850063E-02	 -2.611843E+00
 -4.840063E-02	 -2.671876E+00
 -4.830063E-02	 -2.731789E+00
 -4.820062E-02	 -2.791581E+00
 -4.810062E-02	 -2.851253E+00
 -4.800062E-02	 -2.910805E+00
 -4.790062E-02	 -2.970235E+00
 -4.780062E-02	 -3.029546E+00
 -4.770062E-02	 -3.088736E+00
 -4.760062E-02	  3.135381E+00
 -4.750062E-02	  3.076432E+00
 -4.740061E-02	  3.017604E+00
 -4.730061E-02	  2.958897E+00
 -4.720061E-02	  2.900310E+00
 -4.710061E-02	  2.841844E+00
 -4.700061E-02	  2.783499E+00
 -4.690061E-02	  2.725274E+00
 -4.680061E-02	  2.667170E+00
 -4.670061E-02	  2.609187E+00
 -4.660060E-02	  2.551325E+00
 -4.650060E-02	  2.493583E+00
 -4.640060E-02	  2.435963E+00
 -4.630060E-02	  2.378463E+00
 -4.620060E-02	  2.321084E+00
 -4.610060E-02	  2.263826E+00
 -4.600060E-02	  2.206689E+00
 -4.590059E-02	  2.149673E+00
 -4.580059E-02	  2.092778E+00
 -4.570059E-02	  2.036003E+00
 -4.560059E-02	  1.979350E+00
 -4.550059E-02	  1.922818E+00
 -4.540059E-02	  1.866407E+00
 -4.530059E-02	  1.810116E+00
 -4.520059E-02	  1.753947E+00
 -4.510058E-02	  1.697899E+00
 -4.500058E-02	  1.641972E+00
 -4.490058E-02	  1.586167E+00
 -4.480058E-02	  1.530482E+00
 -4.470058E-02	  1.474919E+00
 -4.460058E-02	  1.419476E+00
 -4.450058E-02	  1.364155E+00
 -4.440058E-02	  1.308956E+00
 -4.430057E-02	  1.253877E+00
 -4.420057E-02	  1.198920E+00
 -4.410057E-02	  1.144084E+00
 -4.400057E-02	  1.089369E+00
 -4.390057E-02	  1.034776E+00
 -4.380057E-02	  9.803036E-01
 -4.370057E-02	  9.259530E-01
 -4.360057E-02	  8.717237E-01
 -4.350056E-02	  8.176159E-01
 -4.340056E-02	  7.636295E-01
 -4.330056E-02	  7.097645E-01
 -4.320056E-02	  6.560210E-01
 -4.310056E-02	  6.023990E-01
 -4.300056E-02	  5.488984E-01
 -4.290056E-02	  4.955194E-01
 -4.280055E-02	  4.422620E-01
 -4.270055E-02	  3.891261E-01
 -4.260055E-02	  3.361118E-01
 -4.250055E-02	  2.832191E-01
 -4.240055E-02	  2.304479E-01
 -4.230055E-02	  1.777985E-01
 -4.220055E-02	  1.252707E-01
 -4.210055E-02	  7.286453E-02
 -4.200054E-02	  2.058008E-02
 -4.190054E-02	 -3.158265E-02
 -4.180054E-02	 -8.362366E-02
 -4.170054E-02	 -1.355429E-01
 -4.160054E-02	 -1.873404E-01
 -4.150054E-02	 -2.390161E-01
 -4.140054E-02	 -2.905700E-01
 -4.130054E-02	 -3.420021E-01
 -4.120053E-02	 -3.933123E-01
 -4.110053E-02	 -4.445007E-01
 -4.100053E-02	 -4.955672E-01
 -4.090053E-02	 -5.465118E-01
 -4.080053E-02	 -5.973345E-01
 -4.070053E-02	 -6.480353E-01
 -4.060053E-02	 -6.986141E-01
 -4.050052E-02	 -7.490709E-01
 -4.040052E-02	 -7.994058E-01
 -4.030052E-02	 -8.496187E-01
 -4.020052E-02	 -8.997095E-01
 -4.010052E-02	 -9.496783E-01
 -4.000052E-02	 -9.995250E-01
 -3.990052E-02	 -1.049250E+00
 -3.980052E-02	 -1.098852E+00
 -3.970051E-02	 -1.148333E+00
 -3.960051E-02	 -1.197691E+00
 -3.950051E-02	 -1.246927E+00
 -3.940051E-02	 -1.296041E+00
 -3.930051E-02	 -1.345033E+00
 -3.920051E-02	 -1.393903E+00
 -3.910051E-02	 -1.442650E+00
 -3.900051E-02	 -1.491275E+00
 -3.890050E-02	 -1.539778E+00
 -3.880050E-02	 -1.588159E+00
 -3.870050E-02	 -1.636417E+00
 -3.860050E-02	 -1.684553E+00
 -3.850050E-02	 -1.732567E+00
 -3.840050E-02	 -1.780459E+00
 -3.830050E-02	 -1.828228E+00
 -3.820050E-02	 -1.875874E+00
 -3.810049E-02	 -1.923399E+00
 -3.800049E-02	 -1.970800E+00
 -3.790049E-02	 -2.018080E+00
 -3.780049E-02	 -2.065237E+00
 -3.770049E-02	 -2.112272E+00
 -3.760049E-02	 -2.159184E+00
 -3.750049E-02	 -2.205973E+00
 -3.740048E-02	 -2.252640E+00
 -3.730048E-02	 -2.299185E+00
 -3.720048E-02	 -2.345607E+00
 -3.710048E-02	 -2.391907E+00
 -3.700048E-02	 -2.438083E+00
 -3.690048E-02	 -2.484138E+00
 -3.680048E-02	 -2.530069E+00
 -3.670048E-02	 -2.575879E+00
 -3.660047E-02	 -2.621565E+00
 -3.650047E-02	 -2.667129E+00
 -3.640047E-02	 -2.712570E+00
 -3.630047E-02	 -2.757888E+00
 -3.620047E-02	 -2.803084E+00
 -3.610047E-02	 -2.848157E+00
 -3.600047E-02	 -2.893107E+00
 -3.590047E-02	 -2.937935E+00
 -3.580046E-02	 -2.982640E+00
 -3.570046E-02	 -3.027222E+00
 -3.560046E-02	 -3.071681E+00
 -3.550046E-02	 -3.116017E+00
 -3.540046E-02	  3.122955E+00
 -3.530046E-02	  3.078864E+00
 -3.520046E-02	  3.034896E+00
 -3.510045E-02	  2.991051E+00
 -3.500045E-02	  2.947329E+00
 -3.490045E-02	  2.903730E+00
 -3.480045E-02	  2.860254E+00
 -3.470045E-02	  2.816901E+00
 -3.460045E-02	  2.773670E+00
 -3.450045E-02	  2.730563E+00
 -3.440045E-02	  2.687579E+00
 -3.430044E-02	  2.644717E+00
 -3.420044E-02	  2.601979E+00
 -3.410044E-02	  2.559364E+00
 -3.400044E-02	  2.516872E+00
 -3.390044E-02	  2.474503E+00
 -3.380044E-02	  2.432256E+00
 -3.370044E-02	  2.390133E+00
 -3.360044E-02	  2.348134E+00
 -3.350043E-02	  2.306257E+00
 -3.340043E-02	  2.264503E+00
 -3.330043E-02	  2.222873E+00
 -3.320043E-02	  2.181366E+00
 -3.310043E-02	  2.139982E+00
 -3.300043E-02	  2.098721E+00
 -3.290043E-02	  2.057583E+00
 -3.280043E-02	  2.016569E+00
 -3.270042E-02	  1.975677E+00
 -3.260042E-02	  1.934909E+00
 -3.250042E-02	  1.894265E+00
 -3.240042E-02	  1.853743E+00
 -3.230042E-02	  1.813345E+00
 -3.220042E-02	  1.773071E+00
 -3.210042E-02	  1.732919E+00
 -3.200041E-02	  1.692891E+00
 -3.190041E-02	  1.652986E+00
 -3.180041E-02	  1.613205E+00
 -3.170041E-02	  1.573547E+00
 -3.160041E-02	  1.534013E+00
 -3.150041E-02	  1.494601E+00
 -3.140041E-02	  1.455314E+00
 -3.130041E-02	  1.416150E+00
 -3.120040E-02	  1.377109E+00
 -3.110040E-02	  1.338191E+00
 -3.100040E-02	  1.299398E+00
 -3.090040E-02	  1.260727E+00
 -3.080040E-02	  1.222180E+00
 -3.070040E-02	  1.183757E+00
 -3.060040E-02	  1.145457E+00
 -3.050040E-02	  1.107281E+00
 -3.040039E-02	  1.069229E+00
 -3.030039E-02	  1.031300E+00
 -3.020039E-02	  9.934943E-01
 -3.010039E-02	  9.558125E-01
 -3.000039E-02	  9.182543E-01
 -2.990039E-02	  8.808197E-01
 -2.980039E-02	  8.435088E-01
 -2.970038E-02	  8.063216E-01
 -2.960038E-02	  7.692581E-01
 -2.950038E-02	  7.323182E-01
 -2.940038E-02	  6.955021E-01
 -2.930038E-02	  6.588096E-01
 -2.920038E-02	  6.222409E-01
 -2.910038E-02	  5.857960E-01
 -2.900038E-02	  5.494748E-01
 -2.890037E-02	  5.132773E-01
 -2.880037E-02	  4.772037E-01
 -2.870037E-02	  4.412539E-01
 -2.860037E-02	  4.054278E-01
 -2.850037E-02	  3.697256E-01
 -2.840037E-02	  3.341472E-01
 -2.830037E-02	  2.986927E-01
 -2.820037E-02	  2.633620E-01
 -2.810036E-02	  2.281552E-01
 -2.800036E-02	  1.930723E-01
 -2.790036E-02	  1.581133E-01
 -2.780036E-02	  1.232782E-01
 -2.770036E-02	  8.856701E-02
 -2.760036E-02	  5.397977E-02
 -2.750036E-02	  1.951647E-02
 -2.740036E-02	 -1.482286E-02
 -2.730035E-02	 -4.903822E-02
 -2.720035E-02	 -8.312959E-02
 -2.710035E-02	 -1.170970E-01
 -2.700035E-02	 -1.509403E-01
 -2.690035E-02	 -1.846597E-01
 -2.680035E-02	 -2.182550E-01
 -2.670035E-02	 -2.517263E-01
 -2.660034E-02	 -2.850735E-01
 -2.650034E-02	 -3.182966E-01
 -2.640034E-02	 -3.513957E-01
 -2.630034E-02	 -3.843706E-01
 -2.620034E-02	 -4.172215E-01
 -2.610034E-02	 -4.499482E-01
 -2.600034E-02	 -4.825508E-01
 -2.590034E-02	 -5.150293E-01
 -2.580033E-02	 -5.473836E-01
 -2.570033E-02	 -5.796137E-01
 -2.560033E-02	 -6.117197E-01
 -2.550033E-02	 -6.437015E-01
 -2.540033E-02	 -6.755591E-01
 -2.530033E-02	 -7.072925E-01
 -2.520033E-02	 -7.389016E-01
 -2.510033E-02	 -7.703865E-01
 -2.500032E-02	 -8.017472E-01
 -2.490032E-02	 -8.329836E-01
 -2.480032E-02	 -8.640958E-01
 -2.470032E-02	 -8.950837E-01
 -2.460032E-02	 -9.259472E-01
 -2.450032E-02	 -9.566865E-01
 -2.440032E-02	 -9.873015E-01
 -2.430031E-02	 -1.017792E+00
 -2.420031E-02	 -1.048158E+00
 -2.410031E-02	 -1.078400E+00
 -2.400031E-02	 -1.108518E+00
 -2.390031E-02	 -1.138511E+00
 -2.380031E-02	 -1.168380E+00
 -2.370031E-02	 -1.198125E+00
 -2.360031E-02	 -1.227745E+00
 -2.350030E-02	 -1.257240E+00
 -2.340030E-02	 -1.286612E+00
 -2.330030E-02	 -1.315859E+00
 -2.320030E-02	 -1.344981E+00
 -2.310030E-02	 -1.373979E+00
 -2.300030E-02	 -1.402852E+00
 -2.290030E-02	 -1.431601E+00
 -2.280030E-02	 -1.460226E+00
 -2.270029E-02	 -1.488726E+00
 -2.260029E-02	 -1.517102E+00
 -2.250029E-02	 -1.545353E+00
 -2.240029E-02	 -1.573479E+00
 -2.230029E-02	 -1.601481E+00
 -2.220029E-02	 -1.629358E+00
 -2.210029E-02	 -1.657111E+00
 -2.200029E-02	 -1.684740E+00
 -2.190028E-02	 -1.712243E+00
 -2.180028E-02	 -1.739623E+00
 -2.170028E-02	 -1.766877E+00
 -2.160028E-02	 -1.794007E+00
 -2.150028E-02	 -1.821012E+00
 -2.140028E-02	 -1.847893E+00
 -2.130028E-02	 -1.874649E+00
 -2.120027E-02	 -1.901281E+00
 -2.110027E-02	 -1.927788E+00
 -2.100027E-02	 -1.954170E+00
 -2.090027E-02	 -1.980427E+00
 -2.080027E-02	 -2.006560E+00
 -2.070027E-02	 -2.032568E+00
 -2.060027E-02	 -2.058451E+00
 -2.050027E-02	 -2.084210E+00
 -2.040026E-02	 -2.109844E+00
 -2.030026E-02	 -2.135353E+00
 -2.020026E-02	 -2.160738E+00
 -2.010026E-02	 -2.185998E+00
 -2.000026E-02	 -2.211133E+00
 -1.990026E-02	 -2.236143E+00
 -1.980026E-02	 -2.261029E+00
 -1.970026E-02	 -2.285789E+00
 -1.960025E-02	 -2.310425E+00
 -1.950025E-02	 -2.334936E+00
 -1.940025E-02	 -2.359323E+00
 -1.930025E-02	 -2.383584E+00
 -1.920025E-02	 -2.407721E+00
 -1.910025E-02	 -2.431733E+00
 -1.900025E-02	 -2.455620E+00
 -1.890024E-02	 -2.479382E+00
 -1.880024E-02	 -2.503019E+00
 -1.870024E-02	 -2.526532E+00
 -1.860024E-02	 -2.549919E+00
 -1.850024E-02	 -2.573182E+00
 -1.840024E-02	 -2.596320E+00
 -1.830024E-02	 -2.619333E+00
 -1.820024E-02	 -2.642221E+00
 -1.810023E-02	 -2.664984E+00
 -1.800023E-02	 -2.687622E+00
 -1.790023E-02	 -2.710135E+00
 -1.780023E-02	 -2.732523E+00
 -1.770023E-02	 -2.754787E+00
 -1.760023E-02	 -2.776925E+00
 -1.750023E-02	 -2.798938E+00
 -1.740023E-02	 -2.820827E+00
 -1.730022E-02	 -2.842590E+00
 -1.720022E-02	 -2.864229E+00
 -1.710022E-02	 -2.885742E+00
 -1.700022E-02	 -2.907131E+00
 -1.690022E-02	 -2.928394E+00
 -1.680022E-02	 -2.949532E+00
 -1.670022E-02	 -2.970546E+00
 -1.660022E-02	 -2.991434E+00
 -1.650021E-02	 -3.012197E+00
 -1.640021E-02	 -3.032836E+00
 -1.630021E-02	 -3.053349E+00
 -1.620021E-02	 -3.073737E+00
 -1.610021E-02	 -3.094000E+00
 -1.600021E-02	 -3.114138E+00
 -1.590021E-02	 -3.134151E+00
 -1.580020E-02	  3.129146E+00
 -1.570020E-02	  3.109384E+00
 -1.560020E-02	  3.089746E+00
 -1.550020E-02	  3.070234E+00
 -1.540020E-02	  3.050846E+00
 -1.530020E-02	  3.031584E+00
 -1.520020E-02	  3.012447E+00
 -1.510020E-02	  2.993435E+00
 -1.500019E-02	  2.974548E+00
 -1.490019E-02	  2.955786E+00
 -1.480019E-02	  2.937150E+00
 -1.470019E-02	  2.918639E+00
 -1.460019E-02	  2.900253E+00
 -1.450019E-02	  2.881992E+00
 -1.440019E-02	  2.863856E+00
 -1.430019E-02	  2.845845E+00
 -1.420018E-02	  2.827960E+00
 -1.410018E-02	  2.810200E+00
 -1.400018E-02	  2.792565E+00
 -1.390018E-02	  2.775055E+00
 -1.380018E-02	  2.757670E+00
 -1.370018E-02	  2.740411E+00
 -1.360018E-02	  2.723277E+00
 -1.350017E-02	  2.706268E+00
 -1.340017E-02	  2.689385E+00
 -1.330017E-02	  2.672627E+00
 -1.320017E-02	  2.655994E+00
 -1.310017E-02	  2.639486E+00
 -1.300017E-02	  2.623103E+00
 -1.290017E-02	  2.606846E+00
 -1.280017E-02	  2.590714E+00
 -1.270016E-02	  2.574708E+00
 -1.260016E-02	  2.558826E+00
 -1.250016E-02	  2.543070E+00
 -1.240016E-02	  2.527440E+00
 -1.230016E-02	  2.511934E+00
 -1.220016E-02	  2.496554E+00
 -1.210016E-02	  2.481300E+00
 -1.200016E-02	  2.466170E+00
 -1.190015E-02	  2.451166E+00
 -1.180015E-02	  2.436288E+00
 -1.170015E-02	  2.421534E+00
 -1.160015E-02	  2.406906E+00
 -1.150015E-02	  2.392404E+00
 -1.140015E-02	  2.378026E+00
 -1.130015E-02	  2.363774E+00
 -1.120015E-02	  2.349648E+00
 -1.110014E-02	  2.335647E+00
 -1.100014E-02	  2.321771E+00
 -1.090014E-02	  2.308021E+00
 -1.080014E-02	  2.294396E+00
 -1.070014E-02	  2.280896E+00
 -1.060014E-02	  2.267522E+00
 -1.050014E-02	  2.254273E+00
 -1.040013E-02	  2.241150E+00
 -1.030013E-02	  2.228152E+00
 -1.020013E-02	  2.215280E+00
 -1.010013E-02	  2.202532E+00
 -1.000013E-02	  2.189911E+00
 -9.900128E-03	  2.177415E+00
 -9.800127E-03	  2.165044E+00
 -9.700126E-03	  2.152799E+00
 -9.600124E-03	  2.140679E+00
 -9.500123E-03	  2.128684E+00
 -9.400122E-03	  2.116816E+00
 -9.300121E-03	  2.105072E+00
 -9.200119E-03	  2.093454E+00
 -9.100118E-03	  2.081962E+00
 -9.000117E-03	  2.070594E+00
 -8.900115E-03	  2.059353E+00
 -8.800114E-03	  2.048237E+00
 -8.700113E-03	  2.037246E+00
 -8.600111E-03	  2.026381E+00
 -8.500110E-03	  2.015642E+00
 -8.400109E-03	  2.005027E+00
 -8.300108E-03	  1.994539E+00
 -8.200106E-03	  1.984176E+00
 -8.100105E-03	  1.973938E+00
 -8.000104E-03	  1.963826E+00
 -7.900102E-03	  1.953840E+00
 -7.800101E-03	  1.943979E+00
 -7.700100E-03	  1.934243E+00
 -7.600098E-03	  1.924633E+00
 -7.500097E-03	  1.915149E+00
 -7.400096E-03	  1.905790E+00
 -7.300095E-03	  1.896557E+00
 -7.200093E-03	  1.887449E+00
 -7.100092E-03	  1.878467E+00
 -7.000091E-03	  1.869610E+00
 -6.900089E-03	  1.860879E+00
 -6.800088E-03	  1.852273E+00
 -6.700087E-03	  1.843793E+00
 -6.600086E-03	  1.835439E+00
 -6.500084E-03	  1.827210E+00
 -6.400083E-03	  1.819106E+00
 -6.300082E-03	  1.811129E+00
 -6.200080E-03	  1.803276E+00
 -6.100079E-03	  1.795550E+00
 -6.000078E-03	  1.787949E+00
 -5.900076E-03	  1.780473E+00
 -5.800075E-03	  1.773124E+00
 -5.700074E-03	  1.765899E+00
 -5.600073E-03	  1.758801E+00
 -5.500071E-03	  1.751828E+00
 -5.400070E-03	  1.744980E+00
 -5.300069E-03	  1.738258E+00
 -5.200067E-03	  1.731662E+00
 -5.100066E-03	  1.725191E+00
 -5.000065E-03	  1.718846E+00
 -4.900064E-03	  1.712627E+00
 -4.800062E-03	  1.706533E+00
 -4.700061E-03	  1.700564E+00
 -4.600060E-03	  1.694722E+00
 -4.500058E-03	  1.689005E+00
 -4.400057E-03	  1.683413E+00
 -4.300056E-03	  1.677948E+00
 -4.200054E-03	  1.672607E+00
 -4.100053E-03	  1.667393E+00
 -4.000052E-03	  1.662304E+00
 -3.900051E-03	  1.657341E+00
 -3.800049E-03	  1.652503E+00
 -3.700048E-03	  1.647791E+00
 -3.600047E-03	  1.643205E+00
 -3.500045E-03	  1.638744E+00
 -3.400044E-03	  1.634409E+00
 -3.300043E-03	  1.630199E+00
 -3.200041E-03	  1.626116E+00
 -3.100040E-03	  1.622157E+00
 -3.000039E-03	  1.618325E+00
 -2.900038E-03	  1.614618E+00
 -2.800036E-03	  1.611037E+00
 -2.700035E-03	  1.607581E+00
 -2.600034E-03	  1.604251E+00
 -2.500032E-03	  1.601047E+00
 -2.400031E-03	  1.597968E+00
 -2.300030E-03	  1.595015E+00
 -2.200029E-03	  1.592188E+00
 -2.100027E-03	  1.589486E+00
 -2.000026E-03	  1.586910E+00
 -1.900025E-03	  1.584460E+00
 -1.800023E-03	  1.582135E+00
 -1.700022E-03	  1.579936E+00
 -1.600021E-03	  1.577862E+00
 -1.500019E-03	  1.575915E+00
 -1.400018E-03	  1.574092E+00
 -1.300017E-03	  1.572396E+00
 -1.200016E-03	  1.570825E+00
 -1.100014E-03	  1.569380E+00
 -1.000013E-03	  1.568061E+00
 -9.000117E-04	  1.566867E+00
 -8.000104E-04	  1.565799E+00
 -7.000091E-04	  1.564856E+00
 -6.000078E-04	  1.564039E+00
 -5.000065E-04	  1.563348E+00
 -4.000052E-04	  1.562783E+00
 -3.000039E-04	  1.562343E+00
 -2.000026E-04	  1.562029E+00
 -1.000013E-04	  1.561840E+00
  0.000000E+00	  1.561777E+00
  1.000013E-04	  1.561840E+00
  2.000026E-04	  1.562029E+00
  3.000039E-04	  1.562343E+00
  4.000052E-04	  1.562783E+00
  5.000065E-04	  1.563348E+00
  6.000078E-04	  1.564039E+00
  7.000091E-04	  1.564856E+00
  8.000104E-04	  1.565799E+00
  9.000117E-04	  1.566867E+00
  1.000013E-03	  1.568061E+00
  1.100014E-03	  1.569380E+00
  1.200016E-03	  1.570825E+00
  1.300017E-03	  1.572396E+00
  1.400018E-03	  1.574092E+00
  1.500019E-03	  1.575915E+00
  1.600021E-03	  1.577862E+00
  1.700022E-03	  1.579936E+00
  1.800023E-03	  1.582135E+00
  1.900025E-03	  1.584460E+00
  2.000026E-03	  1.586910E+00
  2.100027E-03	  1.589486E+00
  2.200029E-03	  1.592188E+00
  2.300030E-03	  1.595015E+00
  2.400031E-03	  1.597968E+00
  2.500032E-03	  1.601047E+00
  2.600034E-03	  1.604251E+00
  2.700035E-03	  1.607581E+00
  2.800036E-03	  1.611037E+00
  2.900038E-03	  1.614618E+00
  3.000039E-03	  1.618325E+00
  3.100040E-03	  1.622157E+00
  3.200041E-03	  1.626116E+00
  3.300043E-03	  1.630199E+00
  3.400044E-03	  1.634409E+00
  3.500045E-03	  1.638744E+00
  3.600047E-03	  1.643205E+00
  3.700048E-03	  1.647791E+00
  3.800049E-03	  1.652503E+00
  3.900051E-03	  1.657341E+00
  4.000052E-03	  1.662304E+00
  4.100053E-03	  1.667393E+00
  4.200054E-03	  1.672607E+00
  4.300056E-03	  1.677948E+00
  4.400057E-03	  1.683413E+00
  4.500058E-03	  1.689005E+00
  4.600060E-03	  1.694722E+00
  4.700061E-03	  1.700564E+00
  4.800062E-03	  1.706533E+00
  4.900064E-03	  1.712627E+00
  5.000065E-03	  1.718846E+00
  5.100066E-03	  1.725191E+00
  5.200067E-03	  1.731662E+00
  5.300069E-03	  1.738258E+00
  5.400070E-03	  1.744980E+00
  5.500071E-03	  1.751828E+00
  5.600073E-03	  1.758801E+00
  5.700074E-03	  1.765899E+00
  5.800075E-03	  1.773124E+00
  5.900076E-03	  1.780473E+00
  6.000078E-03	  1.787949E+00
  6.100079E-03	  1.795550E+00
  6.200080E-03	  1.803276E+00
  6.300082E-03	  1.811129E+00
  6.400083E-03	  1.819106E+00
  6.500084E-03	  1.827210E+00
  6.600086E-03	  1.835439E+00
  6.700087E-03	  1.843793E+00
  6.800088E-03	  1.852273E+00
  6.900089E-03	  1.860879E+00
  7.000091E-03	  1.869610E+00
  7.100092E-03	  1.878467E+00
  7.200093E-03	  1.887449E+00
  7.300095E-03	  1.896557E+00
  7.400096E-03	  1.905790E+00
  7.500097E-03	  1.915149E+00
  7.600098E-03	  1.924633E+00
  7.700100E-03	  1.934243E+00
  7.800101E-03	  1.943979E+00
  7.900102E-03	  1.953840E+00
  8.000104E-03	  1.963826E+00
  8.100105E-03	  1.973938E+00
  8.200106E-03	  1.984176E+00
  8.300108E-03	  1.994539E+00
  8.400109E-03	  2.005027E+00
  8.500110E-03	  2.015642E+00
  8.600111E-03	  2.026381E+00
  8.700113E-03	  2.037246E+00
  8.800114E-03	  2.048237E+00
  8.900115E-03	  2.059353E+00
  9.000117E-03	  2.070594E+00
  9.100118E-03	  2.081962E+00
  9.200119E-03	  2.093454E+00
  9.300121E-03	  2.105072E+00
  9.400122E-03	  2.116816E+00
  9.500123E-03	  2.128684E+00
  9.600124E-03	  2.140679E+00
  9.700126E-03	  2.152799E+00
  9.800127E-03	  2.165044E+00
  9.900128E-03	  2.177415E+00
  1.000013E-02	  2.189911E+00
  1.010013E-02	  2.202532E+00
  1.020013E-02	  2.215280E+00
  1.030013E-02	  2.228152E+00
  1.040013E-02	  2.241150E+00
  1.050014E-02	  2.254273E+00
  1.060014E-02	  2.267522E+00
  1.070014E-02	  2.280896E+00
  1.080014E-02	  2.294396E+00
  1.090014E-02	  2.308021E+00
  1.100014E-02	  2.321771E+00
  1.110014E-02	  2.335647E+00
  1.120015E-02	  2.349648E+00
  1.130015E-02	  2.363774E+00
  1.140015E-02	  2.378026E+00
  1.150015E-02	  2.392404E+00
  1.160015E-02	  2.406906E+00
  1.170015E-02	  2.421534E+00
  1.180015E-02	  2.436288E+00
  1.190015E-02	  2.451166E+00
  1.200016E-02	  2.466170E+00
  1.210016E-02	  2.481300E+00
  1.220016E-02	  2.496554E+00
  1.230016E-02	  2.511934E+00
  1.240016E-02	  2.527440E+00
  1.250016E-02	  2.543070E+00
  1.260016E-02	  2.558826E+00
  1.270016E-02	  2.574708E+00
  1.280017E-02	  2.590714E+00
  1.290017E-02	  2.606846E+00
  1.300017E-02	  2.623103E+00
  1.310017E-02	  2.639486E+00
  1.320017E-02	  2.655994E+00
  1.330017E-02	  2.672627E+00
  1.340017E-02	  2.689385E+00
  1.350017E-02	  2.706268E+00
  1.360018E-02	  2.723277E+00
  1.370018E-02	  2.740411E+00
  1.380018E-02	  2.757670E+00
  1.390018E-02	  2.775055E+00
  1.400018E-02	  2.792565E+00
  1.410018E-02	  2.810200E+00
  1.420018E-02	  2.827960E+00
  1.430019E-02	  2.845845E+00
  1.440019E-02	  2.863856E+00
  1.450019E-02	  2.881992E+00
  1.460019E-02	  2.900253E+00
  1.470019E-02	  2.918639E+00
  1.480019E-02	  2.937150E+00
  1.490019E-02	  2.955786E+00
  1.500019E-02	  2.974548E+00
  1.510020E-02	  2.993435E+00
  1.520020E-02	  3.012447E+00
  1.530020E-02	  3.031584E+00
  1.540020E-02	  3.050846E+00
  1.550020E-02	  3.070234E+00
  1.560020E-02	  3.089746E+00
  1.570020E-02	  3.109384E+00
  1.580020E-02	  3.129146E+00
  1.590021E-02	 -3.134151E+00
  1.600021E-02	 -3.114138E+00
  1.610021E-02	 -3.094000E+00
  1.620021E-02	 -3.073737E+00
  1.630021E-02	 -3.053349E+00
  1.640021E-02	 -3.032836E+00
  1.650021E-02	 -3.012197E+00
  1.660022E-02	 -2.991434E+00
  1.670022E-02	 -2.970546E+00
  1.680022E-02	 -2.949532E+00
  1.690022E-02	 -2.928394E+00
  1.700022E-02	 -2.907131E+00
  1.710022E-02	 -2.885742E+00
  1.720022E-02	 -2.864229E+00
  1.730022E-02	 -2.842590E+00
  1.740023E-02	 -2.820827E+00
  1.750023E-02	 -2.798938E+00
  1.760023E-02	 -2.776925E+00
  1.770023E-02	 -2.754787E+00
  1.780023E-02	 -2.732523E+00
  1.790023E-02	 -2.710135E+00
  1.800023E-02	 -2.687622E+00
  1.810023E-02	 -2.664984E+00
  1.820024E-02	 -2.642221E+00
  1.830024E-02	 -2.619333E+00
  1.840024E-02	 -2.596320E+00
  1.850024E-02	 -2.573182E+00
  1.860024E-02	 -2.549919E+00
  1.870024E-02	 -2.526532E+00
  1.880024E-02	 -2.503019E+00
  1.890024E-02	 -2.479382E+00
  1.900025E-02	 -2.455620E+00
  1.910025E-02	 -2.431733E+00
  1.920025E-02	 -2.407721E+00
  1.930025E-02	 -2.383584E+00
  1.940025E-02	 -2.359323E+00
  1.950025E-02	 -2.334936E+00
  1.960025E-02	 -2.310425E+00
  1.970026E-02	 -2.285789E+00
  1.980026E-02	 -2.261029E+00
  1.990026E-02	 -2.236143E+00
  2.000026E-02	 -2.211133E+00
  2.010026E-02	 -2.185998E+00
  2.020026E-02	 -2.160738E+00
  2.030026E-02	 -2.135353E+00
  2.040026E-02	 -2.109844E+00
  2.050027E-02	 -2.084210E+00
  2.060027E-02	 -2.058451E+00
  2.070027E-02	 -2.032568E+00
  2.080027E-02	 -2.006560E+00
  2.090027E-02	 -1.980427E+00
  2.100027E-02	 -1.954170E+00
  2.110027E-02	 -1.927788E+00
  2.120027E-02	 -1.901281E+00
  2.130028E-02	 -1.874649E+00
  2.140028E-02	 -1.847893E+00
  2.150028E-02	 -1.821012E+00
  2.160028E-02	 -1.794007E+00
  2.170028E-02	 -1.766877E+00
  2.180028E-02	 -1.739623E+00
  2.190028E-02	 -1.712243E+00
  2.200029E-02	 -1.684740E+00
  2.210029E-02	 -1.657111E+00
  2.220029E-02	 -1.629358E+00
  2.230029E-02	 -1.601481E+00
  2.240029E-02	 -1.573479E+00
  2.250029E-02	 -1.545353E+00
  2.260029E-02	 -1.517102E+00
  2.270029E-02	 -1.488726E+00
  2.280030E-02	 -1.460226E+00
  2.290030E-02	 -1.431601E+00
  2.300030E-02	 -1.402852E+00
  2.310030E-02	 -1.373979E+00
  2.320030E-02	 -1.344981E+00
  2.330030E-02	 -1.315859E+00
  2.340030E-02	 -1.286612E+00
  2.350030E-02	 -1.257240E+00
  2.360031E-02	 -1.227745E+00
  2.370031E-02	 -1.198125E+00
  2.380031E-02	 -1.168380E+00
  2.390031E-02	 -1.138511E+00
  2.400031E-02	 -1.108518E+00
  2.410031E-02	 -1.078400E+00
  2.420031E-02	 -1.048158E+00
  2.430031E-02	 -1.017792E+00
  2.440032E-02	 -9.873015E-01
  2.450032E-02	 -9.566865E-01
  2.460032E-02	 -9.259472E-01
  2.470032E-02	 -8.950837E-01
  2.480032E-02	 -8.640958E-01
  2.490032E-02	 -8.329836E-01
  2.500032E-02	 -8.017472E-01
  2.510033E-02	 -7.703865E-01
  2.520033E-02	 -7.389016E-01
  2.530033E-02	 -7.072925E-01
  2.540033E-02	 -6.755591E-01
  2.550033E-02	 -6.437015E-01
  2.560033E-02	 -6.117197E-01
  2.570033E-02	 -5.796137E-01
  2.580033E-02	 -5.473836E-01
  2.590034E-02	 -5.150293E-01
  2.600034E-02	 -4.825508E-01
  2.610034E-02	 -4.499482E-01
  2.620034E-02	 -4.172215E-01
  2.630034E-02	 -3.843706E-01
  2.640034E-02	 -3.513957E-01
  2.650034E-02	 -3.182966E-01
  2.660034E-02	 -2.850735E-01
  2.670035E-02	 -2.517263E-01
  2.680035E-02	 -2.182550E-01
  2.690035E-02	 -1.846597E-01
  2.700035E-02	 -1.509403E-01
  2.710035E-02	 -1.170970E-01
  2.720035E-02	 -8.312959E-02
  2.730035E-02	 -4.903822E-02
  2.740036E-02	 -1.482286E-02
  2.750036E-02	  1.951647E-02
  2.760036E-02	  5.397977E-02
  2.770036E-02	  8.856701E-02
  2.780036E-02	  1.232782E-01
  2.790036E-02	  1.581133E-01
  2.800036E-02	  1.930723E-01
  2.810036E-02	  2.281552E-01
  2.820037E-02	  2.633620E-01
  2.830037E-02	  2.986927E-01
  2.840037E-02	  3.341472E-01
  2.850037E-02	  3.697256E-01
  2.860037E-02	  4.054278E-01
  2.870037E-02	  4.412539E-01
  2.880037E-02	  4.772037E-01
  2.890037E-02	  5.132773E-01
  2.900038E-02	  5.494748E-01
  2.910038E-02	  5.857960E-01
  2.920038E-02	  6.222409E-01
  2.930038E-02	  6.588096E-01
  2.940038E-02	  6.955021E-01
  2.950038E-02	  7.323182E-01
  2.960038E-02	  7.692581E-01
  2.970038E-02	  8.063216E-01
  2.980039E-02	  8.435088E-01
  2.990039E-02	  8.808197E-01
  3.000039E-02	  9.182543E-01
  3.010039E-02	  9.558125E-01
  3.020039E-02	  9.934943E-01
  3.030039E-02	  1.031300E+00
  3.040039E-02	  1.069229E+00
  3.050040E-02	  1.107281E+00
  3.060040E-02	  1.145457E+00
  3.070040E-02	  1.183757E+00
  3.080040E-02	  1.222180E+00
  3.090040E-02	  1.260727E+00
  3.100040E-02	  1.299398E+00
  3.110040E-02	  1.338191E+00
  3.120040E-02	  1.377109E+00
  3.130041E-02	  1.416150E+00
  3.140041E-02	  1.455314E+00
  3.150041E-02	  1.494601E+00
  3.160041E-02	  1.534013E+00
  3.170041E-02	  1.573547E+00
  3.180041E-02	  1.613205E+00
  3.190041E-02	  1.652986E+00
  3.200041E-02	  1.692891E+00
  3.210042E-02	  1.732919E+00
  3.220042E-02	  1.773071E+00
  3.230042E-02	  1.813345E+00
  3.240042E-02	  1.853743E+00
  3.250042E-02	  1.894265E+00
  3.260042E-02	  1.934909E+00
  3.270042E-02	  1.975677E+00
  3.280043E-02	  2.016569E+00
  3.290043E-02	  2.057583E+00
  3.300043E-02	  2.098721E+00
  3.310043E-02	  2.139982E+00
  3.320043E-02	  2.181366E+00
  3.330043E-02	  2.222873E+00
  3.340043E-02	  2.264503E+00
  3.350043E-02	  2.306257E+00
  3.360044E-02	  2.348134E+00
  3.370044E-02	  2.390133E+00
  3.380044E-02	  2.432256E+00
  3.390044E-02	  2.474503E+00
  3.400044E-02	  2.516872E+00
  3.410044E-02	  2.559364E+00
  3.420044E-02	  2.601979E+00
  3.430044E-02	  2.644717E+00
  3.440045E-02	  2.687579E+00
  3.450045E-02	  2.730563E+00
  3.460045E-02	  2.773670E+00
  3.470045E-02	  2.816901E+00
  3.480045E-02	  2.860254E+00
  3.490045E-02	  2.903730E+00
  3.500045E-02	  2.947329E+00
  3.510045E-02	  2.991051E+00
  3.520046E-02	  3.034896E+00
  3.530046E-02	  3.078864E+00
  3.540046E-02	  3.122955E+00
  3.550046E-02	 -3.116017E+00
  3.560046E-02	 -3.071681E+00
  3.570046E-02	 -3.027222E+00
  3.580046E-02	 -2.982640E+00
  3.590047E-02	 -2.937935E+00
  3.600047E-02	 -2.893107E+00
  3.610047E-02	 -2.848157E+00
  3.620047E-02	 -2.803084E+00
  3.630047E-02	 -2.757888E+00
  3.640047E-02	 -2.712570E+00
  3.650047E-02	 -2.667129E+00
  3.660047E-02	 -2.621565E+00
  3.670048E-02	 -2.575879E+00
  3.680048E-02	 -2.530069E+00
  3.690048E-02	 -2.484138E+00
  3.700048E-02	 -2.438083E+00
  3.710048E-02	 -2.391907E+00
  3.720048E-02	 -2.345607E+00
  3.730048E-02	 -2.299185E+00
  3.740048E-02	 -2.252640E+00
  3.750049E-02	 -2.205973E+00
  3.760049E-02	 -2.159184E+00
  3.770049E-02	 -2.112272E+00
  3.780049E-02	 -2.065237E+00
  3.790049E-02	 -2.018080E+00
  3.800049E-02	 -1.970800E+00
  3.810049E-02	 -1.923399E+00
  3.820050E-02	 -1.875874E+00
  3.830050E-02	 -1.828228E+00
  3.840050E-02	 -1.780459E+00
  3.850050E-02	 -1.732567E+00
  3.860050E-02	 -1.684553E+00
  3.870050E-02	 -1.636417E+00
  3.880050E-02	 -1.588159E+00
  3.890050E-02	 -1.539778E+00
  3.900051E-02	 -1.491275E+00
  3.910051E-02	 -1.442650E+00
  3.920051E-02	 -1.393903E+00
  3.930051E-02	 -1.345033E+00
  3.940051E-02	 -1.296041E+00
  3.950051E-02	 -1.246927E+00
  3.960051E-02	 -1.197691E+00
  3.970051E-02	 -1.148333E+00
  3.980052E-02	 -1.098852E+00
  3.990052E-02	 -1.049250E+00
  4.000052E-02	 -9.995250E-01
  4.010052E-02	 -9.496783E-01
  4.020052E-02	 -8.997095E-01
  4.030052E-02	 -8.496187E-01
  4.040052E-02	 -7.994058E-01
  4.050052E-02	 -7.490709E-01
  4.060053E-02	 -6.986141E-01
  4.070053E-02	 -6.480353E-01
  4.080053E-02	 -5.973345E-01
  4.090053E-02	 -5.465118E-01
  4.100053E-02	 -4.955672E-01
  4.110053E-02	 -4.445007E-01
  4.120053E-02	 -3.933123E-01
  4.130054E-02	 -3.420021E-01
  4.140054E-02	 -2.905700E-01
  4.150054E-02	 -2.390161E-01
  4.160054E-02	 -1.873404E-01
  4.170054E-02	 -1.355429E-01
  4.180054E-02	 -8.362366E-02
  4.190054E-02	 -3.158265E-02
  4.200054E-02	  2.058008E-02
  4.210055E-02	  7.286453E-02
  4.220055E-02	  1.252707E-01
  4.230055E-02	  1.777985E-01
  4.240055E-02	  2.304479E-01
  4.250055E-02	  2.832191E-01
  4.260055E-02	  3.361118E-01
  4.270055E-02	  3.891261E-01
  4.280055E-02	  4.422620E-01
  4.290056E-02	  4.955194E-01
  4.300056E-02	  5.488984E-01
  4.310056E-02	  6.023990E-01
  4.320056E-02	  6.560210E-01
  4.330056E-02	  7.097645E-01
  4.340056E-02	  7.636295E-01
  4.350056E-02	  8.176159E-01
  4.360057E-02	  8.717237E-01
  4.370057E-02	  9.259530E-01
  4.380057E-02	  9.803036E-01
  4.390057E-02	  1.034776E+00
  4.400057E-02	  1.089369E+00
  4.410057E-02	  1.144084E+00
  4.420057E-02	  1.198920E+00
  4.430057E-02	  1.253877E+00
  4.440058E-02	  1.308956E+00
  4.450058E-02	  1.364155E+00
  4.460058E-02	  1.419476E+00
  4.470058E-02	  1.474919E+00
  4.480058E-02	  1.530482E+00
  4.490058E-02	  1.586167E+00
  4.500058E-02	  1.641972E+00
  4.510058E-02	  1.697899E+00
  4.520059E-02	  1.753947E+00
  4.530059E-02	  1.810116E+00
  4.540059E-02	  1.866407E+00
  4.550059E-02	  1.922818E+00
  4.560059E-02	  1.979350E+00
  4.570059E-02	  2.036003E+00
  4.580059E-02	  2.092778E+00
  4.590059E-02	  2.149673E+00
  4.600060E-02	  2.206689E+00
  4.610060E-02	  2.263826E+00
  4.620060E-02	  2.321084E+00
  4.630060E-02	  2.378463E+00
  4.640060E-02	  2.435963E+00
  4.650060E-02	  2.493583E+00
  4.660060E-02	  2.551325E+00
  4.670061E-02	  2.609187E+00
  4.680061E-02	  2.667170E+00
  4.690061E-02	  2.725274E+00
  4.700061E-02	  2.783499E+00
  4.710061E-02	  2.841844E+00
  4.720061E-02	  2.900310E+00
  4.730061E-02	  2.958897E+00
  4.740061E-02	  3.017604E+00
  4.750062E-02	  3.076432E+00
  4.760062E-02	  3.135381E+00
  4.770062E-02	 -3.088736E+00
  4.780062E-02	 -3.029546E+00
  4.790062E-02	 -2.970235E+00
  4.800062E-02	 -2.910805E+00
  4.810062E-02	 -2.851253E+00
  4.820062E-02	 -2.791581E+00
  4.830063E-02	 -2.731789E+00
  4.840063E-02	 -2.671876E+00
  4.850063E-02	 -2.611843E+00
  4.860063E-02	 -2.551689E+00
  4.870063E-02	 -2.491415E+00
  4.880063E-02	 -2.431021E+00
  4.890063E-02	 -2.370506E+00
  4.900064E-02	 -2.309871E+00
  4.910064E-02	 -2.249116E+00
  4.920064E-02	 -2.188240E+00
  4.930064E-02	 -2.127244E+00
  4.940064E-02	 -2.066128E+00
  4.950064E-02	 -2.004892E+00
  4.960064E-02	 -1.943535E+00
  4.970064E-02	 -1.882059E+00
  4.980065E-02	 -1.820462E+00
  4.990065E-02	 -1.758745E+00
  5.000065E-02	 -1.696908E+00
  5.010065E-02	 -1.634950E+00
  5.020065E-02	 -1.572873E+00
  5.030065E-02	 -1.510676E+00
  5.040065E-02	 -1.448359E+00
  5.050065E-02	 -1.385921E+00
  5.060066E-02	 -1.323364E+00
  5.070066E-02	 -1.260687E+00
  5.080066E-02	 -1.197890E+00
  5.090066E-02	 -1.134973E+00
  5.100066E-02	 -1.071936E+00
  5.110066E-02	 -1.008779E+00
  5.120066E-02	 -9.455026E-01
  5.130066E-02	 -8.821062E-01
  5.140067E-02	 -8.185900E-01
  5.150067E-02	 -7.549540E-01
  5.160067E-02	 -6.911983E-01
  5.170067E-02	 -6.273228E-01
  5.180067E-02	 -5.633277E-01
  5.190067E-02	 -4.992128E-01
  5.200067E-02	 -4.349783E-01
  5.210068E-02	 -3.706242E-01
  5.220068E-02	 -3.061505E-01
  5.230068E-02	 -2.415572E-01
  5.240068E-02	 -1.768443E-01
  5.250068E-02	 -1.120119E-01
  5.260068E-02	 -4.705994E-02
  5.270068E-02	  1.801149E-02
  5.280068E-02	  8.320240E-02
  5.290069E-02	  1.485128E-01
  5.300069E-02	  2.139425E-01
  5.310069E-02	  2.794917E-01
  5.320069E-02	  3.451603E-01
  5.330069E-02	  4.109482E-01
  5.340069E-02	  4.768554E-01
  5.350069E-02	  5.428820E-01
  5.360069E-02	  6.090278E-01
  5.370070E-02	  6.752929E-01
  5.380070E-02	  7.416773E-01
  5.390070E-02	  8.081808E-01
  5.400070E-02	  8.748036E-01
  5.410070E-02	  9.415455E-01
  5.420070E-02	  1.008407E+00
  5.430070E-02	  1.075387E+00
  5.440071E-02	  1.142486E+00
  5.450071E-02	  1.209704E+00
  5.460071E-02	  1.277042E+00
  5.470071E-02	  1.344498E+00
  5.480071E-02	  1.412074E+00
  5.490071E-02	  1.479768E+00
  5.500071E-02	  1.547581E+00
  5.510071E-02	  1.615514E+00
  5.520072E-02	  1.683565E+00
  5.530072E-02	  1.751735E+00
  5.540072E-02	  1.820024E+00
  5.550072E-02	  1.888431E+00
  5.560072E-02	  1.956958E+00
  5.570072E-02	  2.025603E+00
  5.580072E-02	  2.094367E+00
  5.590072E-02	  2.163250E+00
  5.600073E-02	  2.232252E+00
  5.610073E-02	  2.301372E+00
  5.620073E-02	  2.370611E+00
  5.630073E-02	  2.439968E+00
  5.640073E-02	  2.509444E+00
  5.650073E-02	  2.579039E+00
  5.660073E-02	  2.648752E+00
  5.670073E-02	  2.718584E+00
  5.680074E-02	  2.788535E+00
  5.690074E-02	  2.858603E+00
  5.700074E-02	  2.928791E+00
  5.710074E-02	  2.999096E+00
  5.720074E-02	  3.069520E+00
  5.730074E-02	  3.140063E+00
  5.740074E-02	 -3.072462E+00
  5.750075E-02	 -3.001682E+00
  5.760075E-02	 -2.930785E+00
  5.770075E-02	 -2.859769E+00
  5.780075E-02	 -2.788635E+00
  5.790075E-02	 -2.717383E+00
  5.800075E-02	 -2.646012E+00
  5.810075E-02	 -2.574523E+00
  5.820075E-02	 -2.502917E+00
  5.830076E-02	 -2.431192E+00
  5.840076E-02	 -2.359349E+00
  5.850076E-02	 -2.287387E+00
  5.860076E-02	 -2.215308E+00
  5.870076E-02	 -2.143111E+00
  5.880076E-02	 -2.070796E+00
  5.890076E-02	 -1.998362E+00
  5.900076E-02	 -1.925811E+00
  5.910077E-02	 -1.853142E+00
  5.920077E-02	 -1.780355E+00
  5.930077E-02	 -1.707450E+00
  5.940077E-02	 -1.634427E+00
  5.950077E-02	 -1.561286E+00
  5.960077E-02	 -1.488028E+00
  5.970077E-02	 -1.414652E+00
  5.980078E-02	 -1.341158E+00
  5.990078E-02	 -1.267546E+00
  6.000078E-02	 -1.193817E+00
  6.010078E-02	 -1.119970E+00
  6.020078E-02	 -1.046005E+00
  6.030078E-02	 -9.719229E-01
  6.040078E-02	 -8.977231E-01
  6.050078E-02	 -8.234056E-01
  6.060079E-02	 -7.489706E-01
  6.070079E-02	 -6.744181E-01
  6.080079E-02	 -5.997481E-01
  6.090079E-02	 -5.249607E-01
  6.100079E-02	 -4.500558E-01
  6.110079E-02	 -3.750335E-01
  6.120079E-02	 -2.998938E-01
  6.130079E-02	 -2.246368E-01
  6.140080E-02	 -1.492625E-01
  6.150080E-02	 -7.377081E-02
  6.160080E-02	  1.838120E-03
  6.170080E-02	  7.756429E-02
  6.180080E-02	  1.534077E-01
  6.190080E-02	  2.293683E-01
  6.200080E-02	  3.054460E-01
  6.210080E-02	  3.816409E-01
  6.220081E-02	  4.579529E-01
  6.230081E-02	  5.343820E-01
  6.240081E-02	  6.109282E-01
  6.250081E-02	  6.875913E-01
  6.260081E-02	  7.643715E-01
  6.270081E-02	  8.412687E-01
  6.280081E-02	  9.182828E-01
  6.290082E-02	  9.954138E-01
  6.300082E-02	  1.072662E+00
  6.310082E-02	  1.150027E+00
  6.320082E-02	  1.227508E+00
  6.330082E-02	  1.305107E+00
  6.340082E-02	  1.382822E+00
  6.350082E-02	  1.460654E+00
  6.360082E-02	  1.538603E+00
  6.370083E-02	  1.616668E+00
  6.380083E-02	  1.694850E+00
  6.390083E-02	  1.773149E+00
  6.400083E-02	  1.851564E+00
  6.410083E-02	  1.930096E+00
  6.420083E-02	  2.008745E+00
  6.430083E-02	  2.087510E+00
  6.440083E-02	  2.166391E+00
  6.450084E-02	  2.245389E+00
  6.460084E-02	  2.324504E+00
  6.470084E-02	  2.403735E+00
  6.480084E-02	  2.483082E+00
  6.490084E-02	  2.562546E+00
  6.500084E-02	  2.642126E+00
  6.510084E-02	  2.721822E+00
  6.520085E-02	  2.801635E+00
  6.530085E-02	  2.881564E+00
  6.540085E-02	  2.961609E+00
  6.550085E-02	  3.041770E+00
  6.560085E-02	  3.122048E+00
  6.570085E-02	 -3.080744E+00
  6.580085E-02	 -3.000234E+00
  6.590085E-02	 -2.919608E+00
  6.600086E-02	 -2.838866E+00
  6.610086E-02	 -2.758009E+00
  6.620086E-02	 -2.677035E+00
  6.630086E-02	 -2.595945E+00
  6.640086E-02	 -2.514739E+00
  6.650086E-02	 -2.433417E+00
  6.660086E-02	 -2.351979E+00
  6.670086E-02	 -2.270426E+00
  6.680087E-02	 -2.188757E+00
  6.690087E-02	 -2.106972E+00
  6.700087E-02	 -2.025071E+00
  6.710087E-02	 -1.943054E+00
  6.720087E-02	 -1.860922E+00
  6.730087E-02	 -1.778674E+00
  6.740087E-02	 -1.696310E+00
  6.750087E-02	 -1.613831E+00
  6.760088E-02	 -1.531236E+00
  6.770088E-02	 -1.448525E+00
  6.780088E-02	 -1.365699E+00
  6.790088E-02	 -1.282758E+00
  6.800088E-02	 -1.199701E+00
  6.810088E-02	 -1.116528E+00
  6.820088E-02	 -1.033240E+00
  6.830089E-02	 -9.498370E-01
  6.840089E-02	 -8.663184E-01
  6.850089E-02	 -7.826844E-01
  6.860089E-02	 -6.989352E-01
  6.870089E-02	 -6.150706E-01
  6.880089E-02	 -5.310908E-01
  6.890089E-02	 -4.469958E-01
  6.900089E-02	 -3.627857E-01
  6.910090E-02	 -2.784603E-01
  6.920090E-02	 -1.940199E-01
  6.930090E-02	 -1.094643E-01
  6.940090E-02	 -2.479366E-02
  6.950090E-02	  5.999200E-02
  6.960090E-02	  1.448927E-01
  6.970090E-02	  2.299083E-01
  6.980090E-02	  3.150389E-01
  6.990091E-02	  4.002844E-01
  7.000091E-02	  4.856448E-01
  7.010091E-02	  5.711201E-01
  7.020091E-02	  6.567101E-01
  7.030091E-02	  7.424150E-01
  7.040091E-02	  8.282347E-01
  7.050091E-02	  9.141690E-01
  7.060091E-02	  1.000218E+00
  7.070092E-02	  1.086382E+00
  7.080092E-02	  1.172660E+00
  7.090092E-02	  1.259053E+00
  7.100092E-02	  1.345561E+00
  7.110092E-02	  1.432183E+00
  7.120092E-02	  1.518920E+00
  7.130092E-02	  1.605771E+00
  7.140093E-02	  1.692736E+00
  7.150093E-02	  1.779817E+00
  7.160093E-02	  1.867011E+00
  7.170093E-02	  1.954320E+00
  7.180093E-02	  2.041743E+00
  7.190093E-02	  2.129280E+00
  7.200093E-02	  2.216932E+00
  7.210093E-02	  2.304698E+00
  7.220094E-02	  2.392578E+00
  7.230094E-02	  2.480573E+00
  7.240094E-02	  2.568681E+00
  7.250094E-02	  2.656904E+00
  7.260094E-02	  2.745241E+00
  7.270094E-02	  2.833692E+00
  7.280094E-02	  2.922256E+00
  7.290094E-02	  3.010935E+00
  7.300095E-02	  3.099728E+00
  7.310095E-02	 -3.094550E+00
  7.320095E-02	 -3.005530E+00
  7.330095E-02	 -2.916395E+00
  7.340095E-02	 -2.827147E+00
  7.350095E-02	 -2.737785E+00
  7.360095E-02	 -2.648309E+00
  7.370096E-02	 -2.558719E+00
  7.380096E-02	 -2.469016E+00
  7.390096E-02	 -2.379198E+00
  7.400096E-02	 -2.289268E+00
  7.410096E-02	 -2.199223E+00
  7.420096E-02	 -2.109065E+00
  7.430096E-02	 -2.018794E+00
  7.440096E-02	 -1.928409E+00
  7.450097E-02	 -1.837910E+00
  7.460097E-02	 -1.747298E+00
  7.470097E-02	 -1.656573E+00
  7.480097E-02	 -1.565734E+00
  7.490097E-02	 -1.474782E+00
  7.500097E-02	 -1.383716E+00
  7.510097E-02	 -1.292537E+00
  7.520097E-02	 -1.201245E+00
  7.530098E-02	 -1.109840E+00
  7.540098E-02	 -1.018321E+00
  7.550098E-02	 -9.266895E-01
  7.560098E-02	 -8.349447E-01
  7.570098E-02	 -7.430867E-01
  7.580098E-02	 -6.511156E-01
  7.590098E-02	 -5.590315E-01
  7.600098E-02	 -4.668344E-01
  7.610099E-02	 -3.745242E-01
  7.620099E-02	 -2.821012E-01
  7.630099E-02	 -1.895652E-01
  7.640099E-02	 -9.691634E-02
  7.650099E-02	 -4.154632E-03
  7.660099E-02	  8.871990E-02
  7.670099E-02	  1.817072E-01
  7.680100E-02	  2.748073E-01
  7.690100E-02	  3.680201E-01
  7.700100E-02	  4.613456E-01
  7.710100E-02	  5.547837E-01
  7.720100E-02	  6.483344E-01
  7.730100E-02	  7.419978E-01
  7.740100E-02	  8.357737E-01
  7.750100E-02	  9.296621E-01
  7.760101E-02	  1.023663E+00
  7.770101E-02	  1.117776E+00
  7.780101E-02	  1.212002E+00
  7.790101E-02	  1.306340E+00
  7.800101E-02	  1.400791E+00
  7.810101E-02	  1.495354E+00
  7.820101E-02	  1.590029E+00
  7.830101E-02	  1.684816E+00
  7.840102E-02	  1.779716E+00
  7.850102E-02	  1.874728E+00
  7.860102E-02	  1.969852E+00
  7.870102E-02	  2.065088E+00
  7.880102E-02	  2.160436E+00
  7.890102E-02	  2.255897E+00
  7.900102E-02	  2.351469E+00
  7.910103E-02	  2.447153E+00
  7.920103E-02	  2.542950E+00
  7.930103E-02	  2.638858E+00
  7.940103E-02	  2.734878E+00
  7.950103E-02	  2.831010E+00
  7.960103E-02	  2.927254E+00
  7.970103E-02	  3.023609E+00
  7.980103E-02	  3.120076E+00
  7.990104E-02	 -3.066530E+00
  8.000104E-02	 -2.969839E+00
  8.010104E-02	 -2.873037E+00
  8.020104E-02	 -2.776123E+00
  8.030104E-02	 -2.679097E+00
  8.040104E-02	 -2.581960E+00
  8.050104E-02	 -2.484711E+00
  8.060104E-02	 -2.387351E+00
  8.070105E-02	 -2.289880E+00
  8.080105E-02	 -2.192296E+00
  8.090105E-02	 -2.094602E+00
  8.100105E-02	 -1.996796E+00
  8.110105E-02	 -1.898879E+00
  8.120105E-02	 -1.800851E+00
  8.130105E-02	 -1.702711E+00
  8.140105E-02	 -1.604460E+00
  8.150106E-02	 -1.506098E+00
  8.160106E-02	 -1.407625E+00
  8.170106E-02	 -1.309041E+00
  8.180106E-02	 -1.210346E+00
  8.190106E-02	 -1.111539E+00
  8.200106E-02	 -1.012622E+00
  8.210106E-02	 -9.135936E-01
  8.220107E-02	 -8.144543E-01
  8.230107E-02	 -7.152041E-01
  8.240107E-02	 -6.158431E-01
  8.250107E-02	 -5.163712E-01
  8.260107E-02	 -4.167885E-01
  8.270107E-02	 -3.170951E-01
  8.280107E-02	 -2.172909E-01
  8.290107E-02	 -1.173760E-01
  8.300108E-02	 -1.735049E-02
  8.310108E-02	  8.278567E-02
  8.320108E-02	  1.830324E-01
  8.330108E-02	  2.833897E-01
  8.340108E-02	  3.838575E-01
  8.350108E-02	  4.844358E-01
  8.360108E-02	  5.851246E-01
  8.370108E-02	  6.859237E-01
  8.380109E-02	  7.868333E-01
  8.390109E-02	  8.878532E-01
  8.400109E-02	  9.889834E-01
  8.410109E-02	  1.090224E+00
  8.420109E-02	  1.191575E+00
  8.430109E-02	  1.293035E+00
  8.440109E-02	  1.394607E+00
  8.450110E-02	  1.496288E+00
  8.460110E-02	  1.598079E+00
  8.470110E-02	  1.699980E+00
  8.480110E-02	  1.801992E+00
  8.490110E-02	  1.904113E+00
  8.500110E-02	  2.006344E+00
  8.510110E-02	  2.108686E+00
  8.520110E-02	  2.211137E+00
  8.530111E-02	  2.313698E+00
  8.540111E-02	  2.416369E+00
  8.550111E-02	  2.519149E+00
  8.560111E-02	  2.622039E+00
  8.570111E-02	  2.725039E+00
  8.580111E-02	  2.828149E+00
  8.590111E-02	  2.931368E+00
  8.600111E-02	  3.034697E+00
  8.610112E-02	  3.138136E+00
  8.620112E-02	 -3.041502E+00
  8.630112E-02	 -2.937844E+00
  8.640112E-02	 -2.834077E+00
  8.650112E-02	 -2.730201E+00
  8.660112E-02	 -2.626215E+00
  8.670112E-02	 -2.522120E+00
  8.680112E-02	 -2.417916E+00
  8.690113E-02	 -2.313602E+00
  8.700113E-02	 -2.209179E+00
  8.710113E-02	 -2.104647E+00
  8.720113E-02	 -2.000006E+00
  8.730113E-02	 -1.895256E+00
  8.740113E-02	 -1.790396E+00
  8.750113E-02	 -1.685428E+00
  8.760114E-02	 -1.580350E+00
  8.770114E-02	 -1.475164E+00
  8.780114E-02	 -1.369868E+00
  8.790114E-02	 -1.264464E+00
  8.800114E-02	 -1.158951E+00
  8.810114E-02	 -1.053329E+00
  8.820114E-02	 -9.475978E-01
  8.830114E-02	 -8.417582E-01
  8.840115E-02	 -7.358099E-01
  8.850115E-02	 -6.297529E-01
  8.860115E-02	 -5.235873E-01
  8.870115E-02	 -4.173130E-01
  8.880115E-02	 -3.109302E-01
  8.890115E-02	 -2.044388E-01
  8.900115E-02	 -9.783897E-02
  8.910115E-02	  8.869363E-03
  8.920116E-02	  1.156861E-01
  8.930116E-02	  2.226113E-01
  8.940116E-02	  3.296448E-01
  8.950116E-02	  4.367866E-01
  8.960116E-02	  5.440367E-01
  8.970116E-02	  6.513950E-01
  8.980116E-02	  7.588616E-01
  8.990117E-02	  8.664363E-01
  9.000117E-02	  9.741191E-01
  9.010117E-02	  1.081910E+00
  9.020117E-02	  1.189809E+00
  9.030117E-02	  1.297816E+00
  9.040117E-02	  1.405931E+00
  9.050117E-02	  1.514154E+00
  9.060117E-02	  1.622485E+00
  9.070118E-02	  1.730923E+00
  9.080118E-02	  1.839470E+00
  9.090118E-02	  1.948124E+00
  9.100118E-02	  2.056886E+00
  9.110118E-02	  2.165756E+00
  9.120118E-02	  2.274733E+00
  9.130118E-02	  2.383819E+00
  9.140118E-02	  2.493011E+00
  9.150119E-02	  2.602312E+00
  9.160119E-02	  2.711719E+00
  9.170119E-02	  2.821235E+00
  9.180119E-02	  2.930857E+00
  9.190119E-02	  3.040587E+00
  9.200119E-02	 -3.132760E+00
  9.210119E-02	 -3.022815E+00
  9.220119E-02	 -2.912763E+00
  9.230120E-02	 -2.802604E+00
  9.240120E-02	 -2.692337E+00
  9.250120E-02	 -2.581963E+00
  9.260120E-02	 -2.471483E+00
  9.270120E-02	 -2.360894E+00
  9.280120E-02	 -2.250199E+00
  9.290120E-02	 -2.139397E+00
  9.300121E-02	 -2.028488E+00
  9.310121E-02	 -1.917472E+00
  9.320121E-02	 -1.806349E+00
  9.330121E-02	 -1.695119E+00
  9.340121E-02	 -1.583782E+00
  9.350121E-02	 -1.472339E+00
  9.360121E-02	 -1.360788E+00
  9.370121E-02	 -1.249131E+00
  9.380122E-02	 -1.137368E+00
  9.390122E-02	 -1.025497E+00
  9.400122E-02	 -9.135202E-01
  9.410122E-02	 -8.014367E-01
  9.420122E-02	 -6.892466E-01
  9.430122E-02	 -5.769501E-01
  9.440122E-02	 -4.645470E-01
  9.450122E-02	 -3.520376E-01
  9.460123E-02	 -2.394218E-01
  9.470123E-02	 -1.266997E-01
  9.480123E-02	 -1.387125E-02
  9.490123E-02	  9.906344E-02
  9.500123E-02	  2.121043E-01
  9.510123E-02	  3.252514E-01
  9.520123E-02	  4.385047E-01
  9.530124E-02	  5.518640E-01
  9.540124E-02	  6.653294E-01
  9.550124E-02	  7.789008E-01
  9.560124E-02	  8.925782E-01
  9.570124E-02	  1.006362E+00
  9.580124E-02	  1.120251E+00
  9.590124E-02	  1.234246E+00
  9.600124E-02	  1.348347E+00
  9.610125E-02	  1.462554E+00
  9.620125E-02	  1.576866E+00
  9.630125E-02	  1.691284E+00
  9.640125E-02	  1.805808E+00
  9.650125E-02	  1.920438E+00
  9.660125E-02	  2.035173E+00
  9.670125E-02	  2.150013E+00
  9.680125E-02	  2.264959E+00
  9.690126E-02	  2.380011E+00
  9.700126E-02	  2.495168E+00
  9.710126E-02	  2.610430E+00
  9.720126E-02	  2.725798E+00
  9.730126E-02	  2.841271E+00
  9.740126E-02	  2.956850E+00
  9.750126E-02	  3.072533E+00
  9.760126E-02	 -3.094863E+00
  9.770127E-02	 -2.978969E+00
  9.780127E-02	 -2.862970E+00
  9.790127E-02	 -2.746866E+00
  9.800127E-02	 -2.630657E+00
  9.810127E-02	 -2.514343E+00
  9.820127E-02	 -2.397924E+00
  9.830127E-02	 -2.281400E+00
  9.840128E-02	 -2.164771E+00
  9.850128E-02	 -2.048037E+00
  9.860128E-02	 -1.931199E+00
  9.870128E-02	 -1.814255E+00
  9.880128E-02	 -1.697207E+00
  9.890128E-02	 -1.580055E+00
  9.900128E-02	 -1.462797E+00
  9.910128E-02	 -1.345436E+00
  9.920129E-02	 -1.227969E+00
  9.930129E-02	 -1.110398E+00
  9.940129E-02	 -9.927228E-01
  9.950129E-02	 -8.749430E-01
  9.960129E-02	 -7.570588E-01
  9.970129E-02	 -6.390702E-01
  9.980129E-02	 -5.209774E-01
  9.990129E-02	 -4.027802E-01
  1.000013E-01	 -2.844789E-01
  1.001013E-01	 -1.660733E-01
  1.002013E-01	 -4.756364E-02
  1.003013E-01	  7.105016E-02
  1.004013E-01	  1.897680E-01
  1.005013E-01	  3.085899E-01
  1.006013E-01	  4.275158E-01
  1.007013E-01	  5.465456E-01
  1.008013E-01	  6.656793E-01
  1.009013E-01	  7.849168E-01
  1.010013E-01	  9.042582E-01
  1.011013E-01	  1.023703E+00
  1.012013E-01	  1.143252E+00
  1.013013E-01	  1.262905E+00
  1.014013E-01	  1.382661E+00
  1.015013E-01	  1.502521E+00
  1.016013E-01	  1.622484E+00
  1.017013E-01	  1.742551E+00
  1.018013E-01	  1.862722E+00
  1.019013E-01	  1.982996E+00
  1.020013E-01	  2.103373E+00
  1.021013E-01	  2.223854E+00
  1.022013E-01	  2.344438E+00
  1.023013E-01	  2.465125E+00
