Listing of POP Phase Cross-Section Data

File : C:\Users\liyitong\Documents\Zemax\Autosave\Recovered\R_fu_05.zos
Title: 
Date : 2026/6/29


Phase X-Cross section surface 3 
Beam wavelength is 1.00000 µm in the media with index 1.00000 at 0.0000 (deg)
Center, Y = 0.0000E+00
Beam Width X = 1.17870E-01, Y = 1.17870E-01 Millimeters
Grid size (X by Y): 2048 by 2048


  X Coordinate	    Phase (rad)
 -1.024000E-01	  3.205462E-01
 -1.023000E-01	  3.229136E-01
 -1.022000E-01	  3.252789E-01
 -1.021000E-01	  3.276423E-01
 -1.020000E-01	  3.300035E-01
 -1.019000E-01	  3.323628E-01
 -1.018000E-01	  3.347200E-01
 -1.017000E-01	  3.370751E-01
 -1.016000E-01	  3.394283E-01
 -1.015000E-01	  3.417793E-01
 -1.014000E-01	  3.441284E-01
 -1.013000E-01	  3.464753E-01
 -1.012000E-01	  3.488203E-01
 -1.011000E-01	  3.511632E-01
 -1.010000E-01	  3.535040E-01
 -1.009000E-01	  3.558428E-01
 -1.008000E-01	  3.581796E-01
 -1.007000E-01	  3.605143E-01
 -1.006000E-01	  3.628469E-01
 -1.005000E-01	  3.651775E-01
 -1.004000E-01	  3.675060E-01
 -1.003000E-01	  3.698325E-01
 -1.002000E-01	  3.721570E-01
 -1.001000E-01	  3.744794E-01
 -1.000000E-01	  3.767997E-01
 -9.990000E-02	  3.791180E-01
 -9.980000E-02	  3.814342E-01
 -9.970000E-02	  3.837484E-01
 -9.960000E-02	  3.860605E-01
 -9.950000E-02	  3.883705E-01
 -9.940000E-02	  3.906785E-01
 -9.930000E-02	  3.929844E-01
 -9.920000E-02	  3.952883E-01
 -9.910000E-02	  3.975901E-01
 -9.900000E-02	  3.998899E-01
 -9.890000E-02	  4.021875E-01
 -9.880000E-02	  4.044832E-01
 -9.870000E-02	  4.067767E-01
 -9.860000E-02	  4.090682E-01
 -9.850000E-02	  4.113576E-01
 -9.840000E-02	  4.136450E-01
 -9.830000E-02	  4.159303E-01
 -9.820000E-02	  4.182135E-01
 -9.810000E-02	  4.204947E-01
 -9.800000E-02	  4.227737E-01
 -9.790000E-02	  4.250508E-01
 -9.780000E-02	  4.273257E-01
 -9.770000E-02	  4.295986E-01
 -9.760000E-02	  4.318694E-01
 -9.750000E-02	  4.341381E-01
 -9.740000E-02	  4.364048E-01
 -9.730000E-02	  4.386693E-01
 -9.720000E-02	  4.409318E-01
 -9.710000E-02	  4.431923E-01
 -9.700000E-02	  4.454506E-01
 -9.690000E-02	  4.477069E-01
 -9.680000E-02	  4.499611E-01
 -9.670000E-02	  4.522132E-01
 -9.660000E-02	  4.544632E-01
 -9.650000E-02	  4.567112E-01
 -9.640000E-02	  4.589571E-01
 -9.630000E-02	  4.612009E-01
 -9.620000E-02	  4.634426E-01
 -9.610000E-02	  4.656822E-01
 -9.600000E-02	  4.679197E-01
 -9.590000E-02	  4.701552E-01
 -9.580000E-02	  4.723886E-01
 -9.570000E-02	  4.746199E-01
 -9.560000E-02	  4.768491E-01
 -9.550000E-02	  4.790762E-01
 -9.540000E-02	  4.813012E-01
 -9.530000E-02	  4.835241E-01
 -9.520000E-02	  4.857450E-01
 -9.510000E-02	  4.879637E-01
 -9.500000E-02	  4.901804E-01
 -9.490000E-02	  4.923950E-01
 -9.480000E-02	  4.946074E-01
 -9.470000E-02	  4.968178E-01
 -9.460000E-02	  4.990261E-01
 -9.450000E-02	  5.012323E-01
 -9.440000E-02	  5.034364E-01
 -9.430000E-02	  5.056384E-01
 -9.420000E-02	  5.078383E-01
 -9.410000E-02	  5.100361E-01
 -9.400000E-02	  5.122318E-01
 -9.390000E-02	  5.144255E-01
 -9.380000E-02	  5.166170E-01
 -9.370000E-02	  5.188064E-01
 -9.360000E-02	  5.209937E-01
 -9.350000E-02	  5.231789E-01
 -9.340000E-02	  5.253620E-01
 -9.330000E-02	  5.275430E-01
 -9.320000E-02	  5.297219E-01
 -9.310000E-02	  5.318987E-01
 -9.300000E-02	  5.340734E-01
 -9.290000E-02	  5.362460E-01
 -9.280000E-02	  5.384164E-01
 -9.270000E-02	  5.405848E-01
 -9.260000E-02	  5.427511E-01
 -9.250000E-02	  5.449152E-01
 -9.240000E-02	  5.470773E-01
 -9.230000E-02	  5.492372E-01
 -9.220000E-02	  5.513950E-01
 -9.210000E-02	  5.535507E-01
 -9.200000E-02	  5.557043E-01
 -9.190000E-02	  5.578558E-01
 -9.180000E-02	  5.600051E-01
 -9.170000E-02	  5.621524E-01
 -9.160000E-02	  5.642975E-01
 -9.150000E-02	  5.664406E-01
 -9.140000E-02	  5.685815E-01
 -9.130000E-02	  5.707202E-01
 -9.120000E-02	  5.728569E-01
 -9.110000E-02	  5.749915E-01
 -9.100000E-02	  5.771239E-01
 -9.090000E-02	  5.792542E-01
 -9.080000E-02	  5.813824E-01
 -9.070000E-02	  5.835085E-01
 -9.060000E-02	  5.856324E-01
 -9.050000E-02	  5.877542E-01
 -9.040000E-02	  5.898739E-01
 -9.030000E-02	  5.919915E-01
 -9.020000E-02	  5.941069E-01
 -9.010000E-02	  5.962203E-01
 -9.000000E-02	  5.983315E-01
 -8.990000E-02	  6.004405E-01
 -8.980000E-02	  6.025475E-01
 -8.970000E-02	  6.046523E-01
 -8.960000E-02	  6.067550E-01
 -8.950000E-02	  6.088555E-01
 -8.940000E-02	  6.109539E-01
 -8.930000E-02	  6.130502E-01
 -8.920000E-02	  6.151444E-01
 -8.910000E-02	  6.172364E-01
 -8.900000E-02	  6.193263E-01
 -8.890000E-02	  6.214141E-01
 -8.880000E-02	  6.234997E-01
 -8.870000E-02	  6.255832E-01
 -8.860000E-02	  6.276645E-01
 -8.850000E-02	  6.297437E-01
 -8.840000E-02	  6.318208E-01
 -8.830000E-02	  6.338957E-01
 -8.820000E-02	  6.359685E-01
 -8.810000E-02	  6.380392E-01
 -8.800000E-02	  6.401077E-01
 -8.790000E-02	  6.421741E-01
 -8.780000E-02	  6.442383E-01
 -8.770000E-02	  6.463004E-01
 -8.760000E-02	  6.483604E-01
 -8.750000E-02	  6.504182E-01
 -8.740000E-02	  6.524739E-01
 -8.730000E-02	  6.545274E-01
 -8.720000E-02	  6.565788E-01
 -8.710000E-02	  6.586280E-01
 -8.700000E-02	  6.606751E-01
 -8.690000E-02	  6.627200E-01
 -8.680000E-02	  6.647628E-01
 -8.670000E-02	  6.668034E-01
 -8.660000E-02	  6.688419E-01
 -8.650000E-02	  6.708782E-01
 -8.640000E-02	  6.729124E-01
 -8.630000E-02	  6.749444E-01
 -8.620000E-02	  6.769743E-01
 -8.610000E-02	  6.790021E-01
 -8.600000E-02	  6.810276E-01
 -8.590000E-02	  6.830510E-01
 -8.580000E-02	  6.850723E-01
 -8.570000E-02	  6.870914E-01
 -8.560000E-02	  6.891084E-01
 -8.550000E-02	  6.911232E-01
 -8.540000E-02	  6.931358E-01
 -8.530000E-02	  6.951463E-01
 -8.520000E-02	  6.971546E-01
 -8.510000E-02	  6.991608E-01
 -8.500000E-02	  7.011648E-01
 -8.490000E-02	  7.031666E-01
 -8.480000E-02	  7.051663E-01
 -8.470000E-02	  7.071638E-01
 -8.460000E-02	  7.091591E-01
 -8.450000E-02	  7.111523E-01
 -8.440000E-02	  7.131434E-01
 -8.430000E-02	  7.151322E-01
 -8.420000E-02	  7.171189E-01
 -8.410000E-02	  7.191034E-01
 -8.400000E-02	  7.210858E-01
 -8.390000E-02	  7.230660E-01
 -8.380000E-02	  7.250440E-01
 -8.370000E-02	  7.270199E-01
 -8.360000E-02	  7.289935E-01
 -8.350000E-02	  7.309651E-01
 -8.340000E-02	  7.329344E-01
 -8.330000E-02	  7.349016E-01
 -8.320000E-02	  7.368666E-01
 -8.310000E-02	  7.388294E-01
 -8.300000E-02	  7.407901E-01
 -8.290000E-02	  7.427485E-01
 -8.280000E-02	  7.447048E-01
 -8.270000E-02	  7.466590E-01
 -8.260000E-02	  7.486109E-01
 -8.250000E-02	  7.505607E-01
 -8.240000E-02	  7.525083E-01
 -8.230000E-02	  7.544537E-01
 -8.220000E-02	  7.563970E-01
 -8.210000E-02	  7.583380E-01
 -8.200000E-02	  7.602769E-01
 -8.190000E-02	  7.622136E-01
 -8.180000E-02	  7.641481E-01
 -8.170000E-02	  7.660805E-01
 -8.160000E-02	  7.680106E-01
 -8.150000E-02	  7.699386E-01
 -8.140000E-02	  7.718644E-01
 -8.130000E-02	  7.737880E-01
 -8.120000E-02	  7.757094E-01
 -8.110000E-02	  7.776287E-01
 -8.100000E-02	  7.795457E-01
 -8.090000E-02	  7.814606E-01
 -8.080000E-02	  7.833733E-01
 -8.070000E-02	  7.852837E-01
 -8.060000E-02	  7.871920E-01
 -8.050000E-02	  7.890981E-01
 -8.040000E-02	  7.910021E-01
 -8.030000E-02	  7.929038E-01
 -8.020000E-02	  7.948033E-01
 -8.010000E-02	  7.967007E-01
 -8.000000E-02	  7.985958E-01
 -7.990000E-02	  8.004888E-01
 -7.980000E-02	  8.023795E-01
 -7.970000E-02	  8.042681E-01
 -7.960000E-02	  8.061545E-01
 -7.950000E-02	  8.080387E-01
 -7.940000E-02	  8.099206E-01
 -7.930000E-02	  8.118004E-01
 -7.920000E-02	  8.136780E-01
 -7.910000E-02	  8.155534E-01
 -7.900000E-02	  8.174266E-01
 -7.890000E-02	  8.192976E-01
 -7.880000E-02	  8.211664E-01
 -7.870000E-02	  8.230330E-01
 -7.860000E-02	  8.248974E-01
 -7.850000E-02	  8.267595E-01
 -7.840000E-02	  8.286195E-01
 -7.830000E-02	  8.304773E-01
 -7.820000E-02	  8.323329E-01
 -7.810000E-02	  8.341863E-01
 -7.800000E-02	  8.360374E-01
 -7.790000E-02	  8.378864E-01
 -7.780000E-02	  8.397331E-01
 -7.770000E-02	  8.415777E-01
 -7.760000E-02	  8.434200E-01
 -7.750000E-02	  8.452602E-01
 -7.740000E-02	  8.470981E-01
 -7.730000E-02	  8.489338E-01
 -7.720000E-02	  8.507673E-01
 -7.710000E-02	  8.525986E-01
 -7.700000E-02	  8.544277E-01
 -7.690000E-02	  8.562545E-01
 -7.680000E-02	  8.580792E-01
 -7.670000E-02	  8.599016E-01
 -7.660000E-02	  8.617219E-01
 -7.650000E-02	  8.635399E-01
 -7.640000E-02	  8.653557E-01
 -7.630000E-02	  8.671693E-01
 -7.620000E-02	  8.689806E-01
 -7.610000E-02	  8.707898E-01
 -7.600000E-02	  8.725967E-01
 -7.590000E-02	  8.744014E-01
 -7.580000E-02	  8.762039E-01
 -7.570000E-02	  8.780042E-01
 -7.560000E-02	  8.798023E-01
 -7.550000E-02	  8.815981E-01
 -7.540000E-02	  8.833917E-01
 -7.530000E-02	  8.851831E-01
 -7.520000E-02	  8.869723E-01
 -7.510000E-02	  8.887593E-01
 -7.500000E-02	  8.905440E-01
 -7.490000E-02	  8.923265E-01
 -7.480000E-02	  8.941068E-01
 -7.470000E-02	  8.958848E-01
 -7.460000E-02	  8.976606E-01
 -7.450000E-02	  8.994343E-01
 -7.440000E-02	  9.012056E-01
 -7.430000E-02	  9.029748E-01
 -7.420000E-02	  9.047417E-01
 -7.410000E-02	  9.065064E-01
 -7.400000E-02	  9.082688E-01
 -7.390000E-02	  9.100291E-01
 -7.380000E-02	  9.117871E-01
 -7.370000E-02	  9.135429E-01
 -7.360000E-02	  9.152964E-01
 -7.350000E-02	  9.170477E-01
 -7.340000E-02	  9.187968E-01
 -7.330000E-02	  9.205436E-01
 -7.320000E-02	  9.222882E-01
 -7.310000E-02	  9.240306E-01
 -7.300000E-02	  9.257707E-01
 -7.290000E-02	  9.275086E-01
 -7.280000E-02	  9.292443E-01
 -7.270000E-02	  9.309777E-01
 -7.260000E-02	  9.327089E-01
 -7.250000E-02	  9.344379E-01
 -7.240000E-02	  9.361646E-01
 -7.230000E-02	  9.378890E-01
 -7.220000E-02	  9.396113E-01
 -7.210000E-02	  9.413313E-01
 -7.200000E-02	  9.430490E-01
 -7.190000E-02	  9.447645E-01
 -7.180000E-02	  9.464778E-01
 -7.170000E-02	  9.481888E-01
 -7.160000E-02	  9.498976E-01
 -7.150000E-02	  9.516041E-01
 -7.140000E-02	  9.533084E-01
 -7.130000E-02	  9.550105E-01
 -7.120000E-02	  9.567103E-01
 -7.110000E-02	  9.584079E-01
 -7.100000E-02	  9.601032E-01
 -7.090000E-02	  9.617962E-01
 -7.080000E-02	  9.634870E-01
 -7.070000E-02	  9.651756E-01
 -7.060000E-02	  9.668619E-01
 -7.050000E-02	  9.685460E-01
 -7.040000E-02	  9.702278E-01
 -7.030000E-02	  9.719074E-01
 -7.020000E-02	  9.735847E-01
 -7.010000E-02	  9.752598E-01
 -7.000000E-02	  9.769326E-01
 -6.990000E-02	  9.786031E-01
 -6.980000E-02	  9.802714E-01
 -6.970000E-02	  9.819375E-01
 -6.960000E-02	  9.836013E-01
 -6.950000E-02	  9.852628E-01
 -6.940000E-02	  9.869221E-01
 -6.930000E-02	  9.885791E-01
 -6.920000E-02	  9.902339E-01
 -6.910000E-02	  9.918864E-01
 -6.900000E-02	  9.935367E-01
 -6.890000E-02	  9.951847E-01
 -6.880000E-02	  9.968304E-01
 -6.870000E-02	  9.984739E-01
 -6.860000E-02	  1.000115E+00
 -6.850000E-02	  1.001754E+00
 -6.840000E-02	  1.003391E+00
 -6.830000E-02	  1.005025E+00
 -6.820000E-02	  1.006657E+00
 -6.810000E-02	  1.008287E+00
 -6.800000E-02	  1.009915E+00
 -6.790000E-02	  1.011540E+00
 -6.780000E-02	  1.013163E+00
 -6.770000E-02	  1.014784E+00
 -6.760000E-02	  1.016403E+00
 -6.750000E-02	  1.018019E+00
 -6.740000E-02	  1.019633E+00
 -6.730000E-02	  1.021245E+00
 -6.720000E-02	  1.022855E+00
 -6.710000E-02	  1.024462E+00
 -6.700000E-02	  1.026067E+00
 -6.690000E-02	  1.027670E+00
 -6.680000E-02	  1.029270E+00
 -6.670000E-02	  1.030868E+00
 -6.660000E-02	  1.032464E+00
 -6.650000E-02	  1.034058E+00
 -6.640000E-02	  1.035649E+00
 -6.630000E-02	  1.037238E+00
 -6.620000E-02	  1.038825E+00
 -6.610000E-02	  1.040409E+00
 -6.600000E-02	  1.041992E+00
 -6.590000E-02	  1.043572E+00
 -6.580000E-02	  1.045149E+00
 -6.570000E-02	  1.046725E+00
 -6.560000E-02	  1.048298E+00
 -6.550000E-02	  1.049869E+00
 -6.540000E-02	  1.051437E+00
 -6.530000E-02	  1.053004E+00
 -6.520000E-02	  1.054568E+00
 -6.510000E-02	  1.056130E+00
 -6.500000E-02	  1.057689E+00
 -6.490000E-02	  1.059246E+00
 -6.480000E-02	  1.060801E+00
 -6.470000E-02	  1.062354E+00
 -6.460000E-02	  1.063904E+00
 -6.450000E-02	  1.065452E+00
 -6.440000E-02	  1.066998E+00
 -6.430000E-02	  1.068542E+00
 -6.420000E-02	  1.070083E+00
 -6.410000E-02	  1.071622E+00
 -6.400000E-02	  1.073158E+00
 -6.390000E-02	  1.074693E+00
 -6.380000E-02	  1.076225E+00
 -6.370000E-02	  1.077755E+00
 -6.360000E-02	  1.079282E+00
 -6.350000E-02	  1.080808E+00
 -6.340000E-02	  1.082330E+00
 -6.330000E-02	  1.083851E+00
 -6.320000E-02	  1.085369E+00
 -6.310000E-02	  1.086886E+00
 -6.300000E-02	  1.088399E+00
 -6.290000E-02	  1.089911E+00
 -6.280000E-02	  1.091420E+00
 -6.270000E-02	  1.092927E+00
 -6.260000E-02	  1.094432E+00
 -6.250000E-02	  1.095934E+00
 -6.240000E-02	  1.097434E+00
 -6.230000E-02	  1.098932E+00
 -6.220000E-02	  1.100427E+00
 -6.210000E-02	  1.101920E+00
 -6.200000E-02	  1.103411E+00
 -6.190000E-02	  1.104900E+00
 -6.180000E-02	  1.106386E+00
 -6.170000E-02	  1.107870E+00
 -6.160000E-02	  1.109352E+00
 -6.150000E-02	  1.110831E+00
 -6.140000E-02	  1.112308E+00
 -6.130000E-02	  1.113783E+00
 -6.120000E-02	  1.115255E+00
 -6.110000E-02	  1.116725E+00
 -6.100000E-02	  1.118193E+00
 -6.090000E-02	  1.119659E+00
 -6.080000E-02	  1.121122E+00
 -6.070000E-02	  1.122583E+00
 -6.060000E-02	  1.124042E+00
 -6.050000E-02	  1.125498E+00
 -6.040000E-02	  1.126952E+00
 -6.030000E-02	  1.128404E+00
 -6.020000E-02	  1.129853E+00
 -6.010000E-02	  1.131301E+00
 -6.000000E-02	  1.132745E+00
 -5.990000E-02	  1.134188E+00
 -5.980000E-02	  1.135628E+00
 -5.970000E-02	  1.137066E+00
 -5.960000E-02	  1.138502E+00
 -5.950000E-02	  1.139935E+00
 -5.940000E-02	  1.141366E+00
 -5.930000E-02	  1.142795E+00
 -5.920000E-02	  1.144221E+00
 -5.910000E-02	  1.145645E+00
 -5.900000E-02	  1.147067E+00
 -5.890000E-02	  1.148486E+00
 -5.880000E-02	  1.149904E+00
 -5.870000E-02	  1.151318E+00
 -5.860000E-02	  1.152731E+00
 -5.850000E-02	  1.154141E+00
 -5.840000E-02	  1.155549E+00
 -5.830000E-02	  1.156955E+00
 -5.820000E-02	  1.158358E+00
 -5.810000E-02	  1.159759E+00
 -5.800000E-02	  1.161157E+00
 -5.790000E-02	  1.162554E+00
 -5.780000E-02	  1.163948E+00
 -5.770000E-02	  1.165339E+00
 -5.760000E-02	  1.166729E+00
 -5.750000E-02	  1.168116E+00
 -5.740000E-02	  1.169501E+00
 -5.730000E-02	  1.170883E+00
 -5.720000E-02	  1.172263E+00
 -5.710000E-02	  1.173641E+00
 -5.700000E-02	  1.175016E+00
 -5.690000E-02	  1.176389E+00
 -5.680000E-02	  1.177760E+00
 -5.670000E-02	  1.179129E+00
 -5.660000E-02	  1.180495E+00
 -5.650000E-02	  1.181859E+00
 -5.640000E-02	  1.183220E+00
 -5.630000E-02	  1.184580E+00
 -5.620000E-02	  1.185936E+00
 -5.610000E-02	  1.187291E+00
 -5.600000E-02	  1.188643E+00
 -5.590000E-02	  1.189993E+00
 -5.580000E-02	  1.191341E+00
 -5.570000E-02	  1.192686E+00
 -5.560000E-02	  1.194029E+00
 -5.550000E-02	  1.195370E+00
 -5.540000E-02	  1.196708E+00
 -5.530000E-02	  1.198044E+00
 -5.520000E-02	  1.199377E+00
 -5.510000E-02	  1.200709E+00
 -5.500000E-02	  1.202038E+00
 -5.490000E-02	  1.203364E+00
 -5.480000E-02	  1.204689E+00
 -5.470000E-02	  1.206011E+00
 -5.460000E-02	  1.207330E+00
 -5.450000E-02	  1.208648E+00
 -5.440000E-02	  1.209963E+00
 -5.430000E-02	  1.211275E+00
 -5.420000E-02	  1.212586E+00
 -5.410000E-02	  1.213894E+00
 -5.400000E-02	  1.215199E+00
 -5.390000E-02	  1.216503E+00
 -5.380000E-02	  1.217804E+00
 -5.370000E-02	  1.219102E+00
 -5.360000E-02	  1.220398E+00
 -5.350000E-02	  1.221692E+00
 -5.340000E-02	  1.222984E+00
 -5.330000E-02	  1.224273E+00
 -5.320000E-02	  1.225560E+00
 -5.310000E-02	  1.226845E+00
 -5.300000E-02	  1.228127E+00
 -5.290000E-02	  1.229407E+00
 -5.280000E-02	  1.230685E+00
 -5.270000E-02	  1.231960E+00
 -5.260000E-02	  1.233233E+00
 -5.250000E-02	  1.234504E+00
 -5.240000E-02	  1.235772E+00
 -5.230000E-02	  1.237038E+00
 -5.220000E-02	  1.238301E+00
 -5.210000E-02	  1.239563E+00
 -5.200000E-02	  1.240822E+00
 -5.190000E-02	  1.242078E+00
 -5.180000E-02	  1.243332E+00
 -5.170000E-02	  1.244584E+00
 -5.160000E-02	  1.245834E+00
 -5.150000E-02	  1.247081E+00
 -5.140000E-02	  1.248326E+00
 -5.130000E-02	  1.249568E+00
 -5.120000E-02	  1.250808E+00
 -5.110000E-02	  1.252046E+00
 -5.100000E-02	  1.253282E+00
 -5.090000E-02	  1.254515E+00
 -5.080000E-02	  1.255745E+00
 -5.070000E-02	  1.256974E+00
 -5.060000E-02	  1.258200E+00
 -5.050000E-02	  1.259424E+00
 -5.040000E-02	  1.260645E+00
 -5.030000E-02	  1.261864E+00
 -5.020000E-02	  1.263081E+00
 -5.010000E-02	  1.264295E+00
 -5.000000E-02	  1.265507E+00
 -4.990000E-02	  1.266717E+00
 -4.980000E-02	  1.267924E+00
 -4.970000E-02	  1.269129E+00
 -4.960000E-02	  1.270331E+00
 -4.950000E-02	  1.271531E+00
 -4.940000E-02	  1.272729E+00
 -4.930000E-02	  1.273925E+00
 -4.920000E-02	  1.275118E+00
 -4.910000E-02	  1.276309E+00
 -4.900000E-02	  1.277497E+00
 -4.890000E-02	  1.278683E+00
 -4.880000E-02	  1.279867E+00
 -4.870000E-02	  1.281048E+00
 -4.860000E-02	  1.282227E+00
 -4.850000E-02	  1.283404E+00
 -4.840000E-02	  1.284578E+00
 -4.830000E-02	  1.285750E+00
 -4.820000E-02	  1.286920E+00
 -4.810000E-02	  1.288087E+00
 -4.800000E-02	  1.289252E+00
 -4.790000E-02	  1.290414E+00
 -4.780000E-02	  1.291574E+00
 -4.770000E-02	  1.292732E+00
 -4.760000E-02	  1.293888E+00
 -4.750000E-02	  1.295041E+00
 -4.740000E-02	  1.296191E+00
 -4.730000E-02	  1.297340E+00
 -4.720000E-02	  1.298486E+00
 -4.710000E-02	  1.299629E+00
 -4.700000E-02	  1.300770E+00
 -4.690000E-02	  1.301909E+00
 -4.680000E-02	  1.303046E+00
 -4.670000E-02	  1.304180E+00
 -4.660000E-02	  1.305312E+00
 -4.650000E-02	  1.306441E+00
 -4.640000E-02	  1.307568E+00
 -4.630000E-02	  1.308693E+00
 -4.620000E-02	  1.309815E+00
 -4.610000E-02	  1.310935E+00
 -4.600000E-02	  1.312053E+00
 -4.590000E-02	  1.313168E+00
 -4.580000E-02	  1.314281E+00
 -4.570000E-02	  1.315391E+00
 -4.560000E-02	  1.316500E+00
 -4.550000E-02	  1.317605E+00
 -4.540000E-02	  1.318709E+00
 -4.530000E-02	  1.319810E+00
 -4.520000E-02	  1.320908E+00
 -4.510000E-02	  1.322005E+00
 -4.500000E-02	  1.323099E+00
 -4.490000E-02	  1.324190E+00
 -4.480000E-02	  1.325279E+00
 -4.470000E-02	  1.326366E+00
 -4.460000E-02	  1.327450E+00
 -4.450000E-02	  1.328533E+00
 -4.440000E-02	  1.329612E+00
 -4.430000E-02	  1.330689E+00
 -4.420000E-02	  1.331764E+00
 -4.410000E-02	  1.332837E+00
 -4.400000E-02	  1.333907E+00
 -4.390000E-02	  1.334975E+00
 -4.380000E-02	  1.336040E+00
 -4.370000E-02	  1.337103E+00
 -4.360000E-02	  1.338164E+00
 -4.350000E-02	  1.339222E+00
 -4.340000E-02	  1.340278E+00
 -4.330000E-02	  1.341332E+00
 -4.320000E-02	  1.342383E+00
 -4.310000E-02	  1.343432E+00
 -4.300000E-02	  1.344478E+00
 -4.290000E-02	  1.345522E+00
 -4.280000E-02	  1.346564E+00
 -4.270000E-02	  1.347603E+00
 -4.260000E-02	  1.348640E+00
 -4.250000E-02	  1.349675E+00
 -4.240000E-02	  1.350707E+00
 -4.230000E-02	  1.351737E+00
 -4.220000E-02	  1.352764E+00
 -4.210000E-02	  1.353789E+00
 -4.200000E-02	  1.354811E+00
 -4.190000E-02	  1.355832E+00
 -4.180000E-02	  1.356850E+00
 -4.170000E-02	  1.357865E+00
 -4.160000E-02	  1.358878E+00
 -4.150000E-02	  1.359889E+00
 -4.140000E-02	  1.360897E+00
 -4.130000E-02	  1.361903E+00
 -4.120000E-02	  1.362907E+00
 -4.110000E-02	  1.363908E+00
 -4.100000E-02	  1.364907E+00
 -4.090000E-02	  1.365903E+00
 -4.080000E-02	  1.366897E+00
 -4.070000E-02	  1.367889E+00
 -4.060000E-02	  1.368878E+00
 -4.050000E-02	  1.369865E+00
 -4.040000E-02	  1.370849E+00
 -4.030000E-02	  1.371831E+00
 -4.020000E-02	  1.372811E+00
 -4.010000E-02	  1.373788E+00
 -4.000000E-02	  1.374763E+00
 -3.990000E-02	  1.375736E+00
 -3.980000E-02	  1.376706E+00
 -3.970000E-02	  1.377673E+00
 -3.960000E-02	  1.378639E+00
 -3.950000E-02	  1.379602E+00
 -3.940000E-02	  1.380562E+00
 -3.930000E-02	  1.381521E+00
 -3.920000E-02	  1.382476E+00
 -3.910000E-02	  1.383430E+00
 -3.900000E-02	  1.384381E+00
 -3.890000E-02	  1.385329E+00
 -3.880000E-02	  1.386276E+00
 -3.870000E-02	  1.387219E+00
 -3.860000E-02	  1.388161E+00
 -3.850000E-02	  1.389100E+00
 -3.840000E-02	  1.390036E+00
 -3.830000E-02	  1.390971E+00
 -3.820000E-02	  1.391903E+00
 -3.810000E-02	  1.392832E+00
 -3.800000E-02	  1.393759E+00
 -3.790000E-02	  1.394684E+00
 -3.780000E-02	  1.395606E+00
 -3.770000E-02	  1.396526E+00
 -3.760000E-02	  1.397443E+00
 -3.750000E-02	  1.398358E+00
 -3.740000E-02	  1.399271E+00
 -3.730000E-02	  1.400181E+00
 -3.720000E-02	  1.401089E+00
 -3.710000E-02	  1.401995E+00
 -3.700000E-02	  1.402898E+00
 -3.690000E-02	  1.403799E+00
 -3.680000E-02	  1.404697E+00
 -3.670000E-02	  1.405593E+00
 -3.660000E-02	  1.406486E+00
 -3.650000E-02	  1.407377E+00
 -3.640000E-02	  1.408266E+00
 -3.630000E-02	  1.409152E+00
 -3.620000E-02	  1.410036E+00
 -3.610000E-02	  1.410918E+00
 -3.600000E-02	  1.411797E+00
 -3.590000E-02	  1.412674E+00
 -3.580000E-02	  1.413548E+00
 -3.570000E-02	  1.414420E+00
 -3.560000E-02	  1.415289E+00
 -3.550000E-02	  1.416156E+00
 -3.540000E-02	  1.417021E+00
 -3.530000E-02	  1.417883E+00
 -3.520000E-02	  1.418743E+00
 -3.510000E-02	  1.419601E+00
 -3.500000E-02	  1.420456E+00
 -3.490000E-02	  1.421308E+00
 -3.480000E-02	  1.422159E+00
 -3.470000E-02	  1.423007E+00
 -3.460000E-02	  1.423852E+00
 -3.450000E-02	  1.424695E+00
 -3.440000E-02	  1.425536E+00
 -3.430000E-02	  1.426374E+00
 -3.420000E-02	  1.427210E+00
 -3.410000E-02	  1.428043E+00
 -3.400000E-02	  1.428874E+00
 -3.390000E-02	  1.429703E+00
 -3.380000E-02	  1.430529E+00
 -3.370000E-02	  1.431353E+00
 -3.360000E-02	  1.432174E+00
 -3.350000E-02	  1.432993E+00
 -3.340000E-02	  1.433810E+00
 -3.330000E-02	  1.434624E+00
 -3.320000E-02	  1.435435E+00
 -3.310000E-02	  1.436245E+00
 -3.300000E-02	  1.437052E+00
 -3.290000E-02	  1.437856E+00
 -3.280000E-02	  1.438658E+00
 -3.270000E-02	  1.439458E+00
 -3.260000E-02	  1.440255E+00
 -3.250000E-02	  1.441050E+00
 -3.240000E-02	  1.441843E+00
 -3.230000E-02	  1.442633E+00
 -3.220000E-02	  1.443420E+00
 -3.210000E-02	  1.444205E+00
 -3.200000E-02	  1.444988E+00
 -3.190000E-02	  1.445769E+00
 -3.180000E-02	  1.446547E+00
 -3.170000E-02	  1.447322E+00
 -3.160000E-02	  1.448095E+00
 -3.150000E-02	  1.448866E+00
 -3.140000E-02	  1.449634E+00
 -3.130000E-02	  1.450400E+00
 -3.120000E-02	  1.451164E+00
 -3.110000E-02	  1.451925E+00
 -3.100000E-02	  1.452683E+00
 -3.090000E-02	  1.453440E+00
 -3.080000E-02	  1.454194E+00
 -3.070000E-02	  1.454945E+00
 -3.060000E-02	  1.455694E+00
 -3.050000E-02	  1.456440E+00
 -3.040000E-02	  1.457185E+00
 -3.030000E-02	  1.457926E+00
 -3.020000E-02	  1.458666E+00
 -3.010000E-02	  1.459403E+00
 -3.000000E-02	  1.460137E+00
 -2.990000E-02	  1.460869E+00
 -2.980000E-02	  1.461599E+00
 -2.970000E-02	  1.462326E+00
 -2.960000E-02	  1.463051E+00
 -2.950000E-02	  1.463773E+00
 -2.940000E-02	  1.464493E+00
 -2.930000E-02	  1.465211E+00
 -2.920000E-02	  1.465926E+00
 -2.910000E-02	  1.466639E+00
 -2.900000E-02	  1.467349E+00
 -2.890000E-02	  1.468057E+00
 -2.880000E-02	  1.468762E+00
 -2.870000E-02	  1.469465E+00
 -2.860000E-02	  1.470166E+00
 -2.850000E-02	  1.470864E+00
 -2.840000E-02	  1.471560E+00
 -2.830000E-02	  1.472253E+00
 -2.820000E-02	  1.472944E+00
 -2.810000E-02	  1.473632E+00
 -2.800000E-02	  1.474318E+00
 -2.790000E-02	  1.475002E+00
 -2.780000E-02	  1.475683E+00
 -2.770000E-02	  1.476362E+00
 -2.760000E-02	  1.477038E+00
 -2.750000E-02	  1.477712E+00
 -2.740000E-02	  1.478384E+00
 -2.730000E-02	  1.479053E+00
 -2.720000E-02	  1.479720E+00
 -2.710000E-02	  1.480384E+00
 -2.700000E-02	  1.481046E+00
 -2.690000E-02	  1.481705E+00
 -2.680000E-02	  1.482362E+00
 -2.670000E-02	  1.483017E+00
 -2.660000E-02	  1.483669E+00
 -2.650000E-02	  1.484318E+00
 -2.640000E-02	  1.484966E+00
 -2.630000E-02	  1.485611E+00
 -2.620000E-02	  1.486253E+00
 -2.610000E-02	  1.486893E+00
 -2.600000E-02	  1.487530E+00
 -2.590000E-02	  1.488166E+00
 -2.580000E-02	  1.488798E+00
 -2.570000E-02	  1.489429E+00
 -2.560000E-02	  1.490056E+00
 -2.550000E-02	  1.490682E+00
 -2.540000E-02	  1.491305E+00
 -2.530000E-02	  1.491925E+00
 -2.520000E-02	  1.492543E+00
 -2.510000E-02	  1.493159E+00
 -2.500000E-02	  1.493772E+00
 -2.490000E-02	  1.494383E+00
 -2.480000E-02	  1.494992E+00
 -2.470000E-02	  1.495598E+00
 -2.460000E-02	  1.496201E+00
 -2.450000E-02	  1.496802E+00
 -2.440000E-02	  1.497401E+00
 -2.430000E-02	  1.497997E+00
 -2.420000E-02	  1.498591E+00
 -2.410000E-02	  1.499182E+00
 -2.400000E-02	  1.499771E+00
 -2.390000E-02	  1.500358E+00
 -2.380000E-02	  1.500942E+00
 -2.370000E-02	  1.501524E+00
 -2.360000E-02	  1.502103E+00
 -2.350000E-02	  1.502680E+00
 -2.340000E-02	  1.503254E+00
 -2.330000E-02	  1.503826E+00
 -2.320000E-02	  1.504395E+00
 -2.310000E-02	  1.504962E+00
 -2.300000E-02	  1.505527E+00
 -2.290000E-02	  1.506089E+00
 -2.280000E-02	  1.506649E+00
 -2.270000E-02	  1.507206E+00
 -2.260000E-02	  1.507761E+00
 -2.250000E-02	  1.508313E+00
 -2.240000E-02	  1.508863E+00
 -2.230000E-02	  1.509411E+00
 -2.220000E-02	  1.509956E+00
 -2.210000E-02	  1.510499E+00
 -2.200000E-02	  1.511039E+00
 -2.190000E-02	  1.511577E+00
 -2.180000E-02	  1.512112E+00
 -2.170000E-02	  1.512645E+00
 -2.160000E-02	  1.513176E+00
 -2.150000E-02	  1.513704E+00
 -2.140000E-02	  1.514229E+00
 -2.130000E-02	  1.514753E+00
 -2.120000E-02	  1.515273E+00
 -2.110000E-02	  1.515792E+00
 -2.100000E-02	  1.516308E+00
 -2.090000E-02	  1.516821E+00
 -2.080000E-02	  1.517332E+00
 -2.070000E-02	  1.517841E+00
 -2.060000E-02	  1.518347E+00
 -2.050000E-02	  1.518851E+00
 -2.040000E-02	  1.519352E+00
 -2.030000E-02	  1.519851E+00
 -2.020000E-02	  1.520347E+00
 -2.010000E-02	  1.520841E+00
 -2.000000E-02	  1.521332E+00
 -1.990000E-02	  1.521821E+00
 -1.980000E-02	  1.522308E+00
 -1.970000E-02	  1.522792E+00
 -1.960000E-02	  1.523274E+00
 -1.950000E-02	  1.523753E+00
 -1.940000E-02	  1.524230E+00
 -1.930000E-02	  1.524705E+00
 -1.920000E-02	  1.525177E+00
 -1.910000E-02	  1.525646E+00
 -1.900000E-02	  1.526113E+00
 -1.890000E-02	  1.526578E+00
 -1.880000E-02	  1.527040E+00
 -1.870000E-02	  1.527500E+00
 -1.860000E-02	  1.527957E+00
 -1.850000E-02	  1.528412E+00
 -1.840000E-02	  1.528864E+00
 -1.830000E-02	  1.529314E+00
 -1.820000E-02	  1.529762E+00
 -1.810000E-02	  1.530207E+00
 -1.800000E-02	  1.530650E+00
 -1.790000E-02	  1.531090E+00
 -1.780000E-02	  1.531528E+00
 -1.770000E-02	  1.531963E+00
 -1.760000E-02	  1.532396E+00
 -1.750000E-02	  1.532826E+00
 -1.740000E-02	  1.533254E+00
 -1.730000E-02	  1.533680E+00
 -1.720000E-02	  1.534103E+00
 -1.710000E-02	  1.534524E+00
 -1.700000E-02	  1.534942E+00
 -1.690000E-02	  1.535358E+00
 -1.680000E-02	  1.535771E+00
 -1.670000E-02	  1.536182E+00
 -1.660000E-02	  1.536591E+00
 -1.650000E-02	  1.536997E+00
 -1.640000E-02	  1.537400E+00
 -1.630000E-02	  1.537801E+00
 -1.620000E-02	  1.538200E+00
 -1.610000E-02	  1.538596E+00
 -1.600000E-02	  1.538990E+00
 -1.590000E-02	  1.539381E+00
 -1.580000E-02	  1.539770E+00
 -1.570000E-02	  1.540157E+00
 -1.560000E-02	  1.540541E+00
 -1.550000E-02	  1.540922E+00
 -1.540000E-02	  1.541301E+00
 -1.530000E-02	  1.541678E+00
 -1.520000E-02	  1.542052E+00
 -1.510000E-02	  1.542424E+00
 -1.500000E-02	  1.542793E+00
 -1.490000E-02	  1.543160E+00
 -1.480000E-02	  1.543524E+00
 -1.470000E-02	  1.543886E+00
 -1.460000E-02	  1.544246E+00
 -1.450000E-02	  1.544603E+00
 -1.440000E-02	  1.544958E+00
 -1.430000E-02	  1.545310E+00
 -1.420000E-02	  1.545659E+00
 -1.410000E-02	  1.546007E+00
 -1.400000E-02	  1.546352E+00
 -1.390000E-02	  1.546694E+00
 -1.380000E-02	  1.547034E+00
 -1.370000E-02	  1.547371E+00
 -1.360000E-02	  1.547706E+00
 -1.350000E-02	  1.548039E+00
 -1.340000E-02	  1.548369E+00
 -1.330000E-02	  1.548697E+00
 -1.320000E-02	  1.549022E+00
 -1.310000E-02	  1.549345E+00
 -1.300000E-02	  1.549665E+00
 -1.290000E-02	  1.549983E+00
 -1.280000E-02	  1.550298E+00
 -1.270000E-02	  1.550611E+00
 -1.260000E-02	  1.550922E+00
 -1.250000E-02	  1.551230E+00
 -1.240000E-02	  1.551536E+00
 -1.230000E-02	  1.551839E+00
 -1.220000E-02	  1.552140E+00
 -1.210000E-02	  1.552438E+00
 -1.200000E-02	  1.552734E+00
 -1.190000E-02	  1.553027E+00
 -1.180000E-02	  1.553318E+00
 -1.170000E-02	  1.553607E+00
 -1.160000E-02	  1.553893E+00
 -1.150000E-02	  1.554176E+00
 -1.140000E-02	  1.554457E+00
 -1.130000E-02	  1.554736E+00
 -1.120000E-02	  1.555012E+00
 -1.110000E-02	  1.555286E+00
 -1.100000E-02	  1.555557E+00
 -1.090000E-02	  1.555826E+00
 -1.080000E-02	  1.556093E+00
 -1.070000E-02	  1.556357E+00
 -1.060000E-02	  1.556618E+00
 -1.050000E-02	  1.556877E+00
 -1.040000E-02	  1.557134E+00
 -1.030000E-02	  1.557388E+00
 -1.020000E-02	  1.557640E+00
 -1.010000E-02	  1.557889E+00
 -1.000000E-02	  1.558136E+00
 -9.900000E-03	  1.558380E+00
 -9.800000E-03	  1.558622E+00
 -9.700000E-03	  1.558861E+00
 -9.600000E-03	  1.559098E+00
 -9.500000E-03	  1.559333E+00
 -9.400000E-03	  1.559565E+00
 -9.300000E-03	  1.559794E+00
 -9.200000E-03	  1.560022E+00
 -9.100000E-03	  1.560246E+00
 -9.000000E-03	  1.560469E+00
 -8.900000E-03	  1.560688E+00
 -8.800000E-03	  1.560906E+00
 -8.700000E-03	  1.561121E+00
 -8.600000E-03	  1.561333E+00
 -8.500000E-03	  1.561543E+00
 -8.400000E-03	  1.561751E+00
 -8.300000E-03	  1.561956E+00
 -8.200000E-03	  1.562158E+00
 -8.100000E-03	  1.562359E+00
 -8.000000E-03	  1.562556E+00
 -7.900000E-03	  1.562752E+00
 -7.800000E-03	  1.562944E+00
 -7.700000E-03	  1.563135E+00
 -7.600000E-03	  1.563323E+00
 -7.500000E-03	  1.563508E+00
 -7.400000E-03	  1.563691E+00
 -7.300000E-03	  1.563872E+00
 -7.200000E-03	  1.564050E+00
 -7.100000E-03	  1.564225E+00
 -7.000000E-03	  1.564399E+00
 -6.900000E-03	  1.564569E+00
 -6.800000E-03	  1.564738E+00
 -6.700000E-03	  1.564903E+00
 -6.600000E-03	  1.565067E+00
 -6.500000E-03	  1.565228E+00
 -6.400000E-03	  1.565386E+00
 -6.300000E-03	  1.565542E+00
 -6.200000E-03	  1.565696E+00
 -6.100000E-03	  1.565847E+00
 -6.000000E-03	  1.565995E+00
 -5.900000E-03	  1.566141E+00
 -5.800000E-03	  1.566285E+00
 -5.700000E-03	  1.566426E+00
 -5.600000E-03	  1.566565E+00
 -5.500000E-03	  1.566702E+00
 -5.400000E-03	  1.566835E+00
 -5.300000E-03	  1.566967E+00
 -5.200000E-03	  1.567096E+00
 -5.100000E-03	  1.567222E+00
 -5.000000E-03	  1.567346E+00
 -4.900000E-03	  1.567468E+00
 -4.800000E-03	  1.567587E+00
 -4.700000E-03	  1.567704E+00
 -4.600000E-03	  1.567818E+00
 -4.500000E-03	  1.567930E+00
 -4.400000E-03	  1.568039E+00
 -4.300000E-03	  1.568146E+00
 -4.200000E-03	  1.568251E+00
 -4.100000E-03	  1.568353E+00
 -4.000000E-03	  1.568452E+00
 -3.900000E-03	  1.568549E+00
 -3.800000E-03	  1.568644E+00
 -3.700000E-03	  1.568736E+00
 -3.600000E-03	  1.568826E+00
 -3.500000E-03	  1.568913E+00
 -3.400000E-03	  1.568998E+00
 -3.300000E-03	  1.569080E+00
 -3.200000E-03	  1.569160E+00
 -3.100000E-03	  1.569237E+00
 -3.000000E-03	  1.569312E+00
 -2.900000E-03	  1.569384E+00
 -2.800000E-03	  1.569455E+00
 -2.700000E-03	  1.569522E+00
 -2.600000E-03	  1.569587E+00
 -2.500000E-03	  1.569650E+00
 -2.400000E-03	  1.569710E+00
 -2.300000E-03	  1.569768E+00
 -2.200000E-03	  1.569823E+00
 -2.100000E-03	  1.569876E+00
 -2.000000E-03	  1.569926E+00
 -1.900000E-03	  1.569974E+00
 -1.800000E-03	  1.570020E+00
 -1.700000E-03	  1.570063E+00
 -1.600000E-03	  1.570103E+00
 -1.500000E-03	  1.570141E+00
 -1.400000E-03	  1.570177E+00
 -1.300000E-03	  1.570210E+00
 -1.200000E-03	  1.570241E+00
 -1.100000E-03	  1.570269E+00
 -1.000000E-03	  1.570295E+00
 -9.000000E-04	  1.570318E+00
 -8.000000E-04	  1.570339E+00
 -7.000000E-04	  1.570357E+00
 -6.000000E-04	  1.570373E+00
 -5.000000E-04	  1.570387E+00
 -4.000000E-04	  1.570398E+00
 -3.000000E-04	  1.570407E+00
 -2.000000E-04	  1.570413E+00
 -1.000000E-04	  1.570416E+00
  0.000000E+00	  1.570418E+00
  1.000000E-04	  1.570416E+00
  2.000000E-04	  1.570413E+00
  3.000000E-04	  1.570407E+00
  4.000000E-04	  1.570398E+00
  5.000000E-04	  1.570387E+00
  6.000000E-04	  1.570373E+00
  7.000000E-04	  1.570357E+00
  8.000000E-04	  1.570339E+00
  9.000000E-04	  1.570318E+00
  1.000000E-03	  1.570295E+00
  1.100000E-03	  1.570269E+00
  1.200000E-03	  1.570241E+00
  1.300000E-03	  1.570210E+00
  1.400000E-03	  1.570177E+00
  1.500000E-03	  1.570141E+00
  1.600000E-03	  1.570103E+00
  1.700000E-03	  1.570063E+00
  1.800000E-03	  1.570020E+00
  1.900000E-03	  1.569974E+00
  2.000000E-03	  1.569926E+00
  2.100000E-03	  1.569876E+00
  2.200000E-03	  1.569823E+00
  2.300000E-03	  1.569768E+00
  2.400000E-03	  1.569710E+00
  2.500000E-03	  1.569650E+00
  2.600000E-03	  1.569587E+00
  2.700000E-03	  1.569522E+00
  2.800000E-03	  1.569455E+00
  2.900000E-03	  1.569384E+00
  3.000000E-03	  1.569312E+00
  3.100000E-03	  1.569237E+00
  3.200000E-03	  1.569160E+00
  3.300000E-03	  1.569080E+00
  3.400000E-03	  1.568998E+00
  3.500000E-03	  1.568913E+00
  3.600000E-03	  1.568826E+00
  3.700000E-03	  1.568736E+00
  3.800000E-03	  1.568644E+00
  3.900000E-03	  1.568549E+00
  4.000000E-03	  1.568452E+00
  4.100000E-03	  1.568353E+00
  4.200000E-03	  1.568251E+00
  4.300000E-03	  1.568146E+00
  4.400000E-03	  1.568039E+00
  4.500000E-03	  1.567930E+00
  4.600000E-03	  1.567818E+00
  4.700000E-03	  1.567704E+00
  4.800000E-03	  1.567587E+00
  4.900000E-03	  1.567468E+00
  5.000000E-03	  1.567346E+00
  5.100000E-03	  1.567222E+00
  5.200000E-03	  1.567096E+00
  5.300000E-03	  1.566967E+00
  5.400000E-03	  1.566835E+00
  5.500000E-03	  1.566702E+00
  5.600000E-03	  1.566565E+00
  5.700000E-03	  1.566426E+00
  5.800000E-03	  1.566285E+00
  5.900000E-03	  1.566141E+00
  6.000000E-03	  1.565995E+00
  6.100000E-03	  1.565847E+00
  6.200000E-03	  1.565696E+00
  6.300000E-03	  1.565542E+00
  6.400000E-03	  1.565386E+00
  6.500000E-03	  1.565228E+00
  6.600000E-03	  1.565067E+00
  6.700000E-03	  1.564903E+00
  6.800000E-03	  1.564738E+00
  6.900000E-03	  1.564569E+00
  7.000000E-03	  1.564399E+00
  7.100000E-03	  1.564225E+00
  7.200000E-03	  1.564050E+00
  7.300000E-03	  1.563872E+00
  7.400000E-03	  1.563691E+00
  7.500000E-03	  1.563508E+00
  7.600000E-03	  1.563323E+00
  7.700000E-03	  1.563135E+00
  7.800000E-03	  1.562944E+00
  7.900000E-03	  1.562752E+00
  8.000000E-03	  1.562556E+00
  8.100000E-03	  1.562359E+00
  8.200000E-03	  1.562158E+00
  8.300000E-03	  1.561956E+00
  8.400000E-03	  1.561751E+00
  8.500000E-03	  1.561543E+00
  8.600000E-03	  1.561333E+00
  8.700000E-03	  1.561121E+00
  8.800000E-03	  1.560906E+00
  8.900000E-03	  1.560688E+00
  9.000000E-03	  1.560469E+00
  9.100000E-03	  1.560246E+00
  9.200000E-03	  1.560022E+00
  9.300000E-03	  1.559794E+00
  9.400000E-03	  1.559565E+00
  9.500000E-03	  1.559333E+00
  9.600000E-03	  1.559098E+00
  9.700000E-03	  1.558861E+00
  9.800000E-03	  1.558622E+00
  9.900000E-03	  1.558380E+00
  1.000000E-02	  1.558136E+00
  1.010000E-02	  1.557889E+00
  1.020000E-02	  1.557640E+00
  1.030000E-02	  1.557388E+00
  1.040000E-02	  1.557134E+00
  1.050000E-02	  1.556877E+00
  1.060000E-02	  1.556618E+00
  1.070000E-02	  1.556357E+00
  1.080000E-02	  1.556093E+00
  1.090000E-02	  1.555826E+00
  1.100000E-02	  1.555557E+00
  1.110000E-02	  1.555286E+00
  1.120000E-02	  1.555012E+00
  1.130000E-02	  1.554736E+00
  1.140000E-02	  1.554457E+00
  1.150000E-02	  1.554176E+00
  1.160000E-02	  1.553893E+00
  1.170000E-02	  1.553607E+00
  1.180000E-02	  1.553318E+00
  1.190000E-02	  1.553027E+00
  1.200000E-02	  1.552734E+00
  1.210000E-02	  1.552438E+00
  1.220000E-02	  1.552140E+00
  1.230000E-02	  1.551839E+00
  1.240000E-02	  1.551536E+00
  1.250000E-02	  1.551230E+00
  1.260000E-02	  1.550922E+00
  1.270000E-02	  1.550611E+00
  1.280000E-02	  1.550298E+00
  1.290000E-02	  1.549983E+00
  1.300000E-02	  1.549665E+00
  1.310000E-02	  1.549345E+00
  1.320000E-02	  1.549022E+00
  1.330000E-02	  1.548697E+00
  1.340000E-02	  1.548369E+00
  1.350000E-02	  1.548039E+00
  1.360000E-02	  1.547706E+00
  1.370000E-02	  1.547371E+00
  1.380000E-02	  1.547034E+00
  1.390000E-02	  1.546694E+00
  1.400000E-02	  1.546352E+00
  1.410000E-02	  1.546007E+00
  1.420000E-02	  1.545659E+00
  1.430000E-02	  1.545310E+00
  1.440000E-02	  1.544958E+00
  1.450000E-02	  1.544603E+00
  1.460000E-02	  1.544246E+00
  1.470000E-02	  1.543886E+00
  1.480000E-02	  1.543524E+00
  1.490000E-02	  1.543160E+00
  1.500000E-02	  1.542793E+00
  1.510000E-02	  1.542424E+00
  1.520000E-02	  1.542052E+00
  1.530000E-02	  1.541678E+00
  1.540000E-02	  1.541301E+00
  1.550000E-02	  1.540922E+00
  1.560000E-02	  1.540541E+00
  1.570000E-02	  1.540157E+00
  1.580000E-02	  1.539770E+00
  1.590000E-02	  1.539381E+00
  1.600000E-02	  1.538990E+00
  1.610000E-02	  1.538596E+00
  1.620000E-02	  1.538200E+00
  1.630000E-02	  1.537801E+00
  1.640000E-02	  1.537400E+00
  1.650000E-02	  1.536997E+00
  1.660000E-02	  1.536591E+00
  1.670000E-02	  1.536182E+00
  1.680000E-02	  1.535771E+00
  1.690000E-02	  1.535358E+00
  1.700000E-02	  1.534942E+00
  1.710000E-02	  1.534524E+00
  1.720000E-02	  1.534103E+00
  1.730000E-02	  1.533680E+00
  1.740000E-02	  1.533254E+00
  1.750000E-02	  1.532826E+00
  1.760000E-02	  1.532396E+00
  1.770000E-02	  1.531963E+00
  1.780000E-02	  1.531528E+00
  1.790000E-02	  1.531090E+00
  1.800000E-02	  1.530650E+00
  1.810000E-02	  1.530207E+00
  1.820000E-02	  1.529762E+00
  1.830000E-02	  1.529314E+00
  1.840000E-02	  1.528864E+00
  1.850000E-02	  1.528412E+00
  1.860000E-02	  1.527957E+00
  1.870000E-02	  1.527500E+00
  1.880000E-02	  1.527040E+00
  1.890000E-02	  1.526578E+00
  1.900000E-02	  1.526113E+00
  1.910000E-02	  1.525646E+00
  1.920000E-02	  1.525177E+00
  1.930000E-02	  1.524705E+00
  1.940000E-02	  1.524230E+00
  1.950000E-02	  1.523753E+00
  1.960000E-02	  1.523274E+00
  1.970000E-02	  1.522792E+00
  1.980000E-02	  1.522308E+00
  1.990000E-02	  1.521821E+00
  2.000000E-02	  1.521332E+00
  2.010000E-02	  1.520841E+00
  2.020000E-02	  1.520347E+00
  2.030000E-02	  1.519851E+00
  2.040000E-02	  1.519352E+00
  2.050000E-02	  1.518851E+00
  2.060000E-02	  1.518347E+00
  2.070000E-02	  1.517841E+00
  2.080000E-02	  1.517332E+00
  2.090000E-02	  1.516821E+00
  2.100000E-02	  1.516308E+00
  2.110000E-02	  1.515792E+00
  2.120000E-02	  1.515273E+00
  2.130000E-02	  1.514753E+00
  2.140000E-02	  1.514229E+00
  2.150000E-02	  1.513704E+00
  2.160000E-02	  1.513176E+00
  2.170000E-02	  1.512645E+00
  2.180000E-02	  1.512112E+00
  2.190000E-02	  1.511577E+00
  2.200000E-02	  1.511039E+00
  2.210000E-02	  1.510499E+00
  2.220000E-02	  1.509956E+00
  2.230000E-02	  1.509411E+00
  2.240000E-02	  1.508863E+00
  2.250000E-02	  1.508313E+00
  2.260000E-02	  1.507761E+00
  2.270000E-02	  1.507206E+00
  2.280000E-02	  1.506649E+00
  2.290000E-02	  1.506089E+00
  2.300000E-02	  1.505527E+00
  2.310000E-02	  1.504962E+00
  2.320000E-02	  1.504395E+00
  2.330000E-02	  1.503826E+00
  2.340000E-02	  1.503254E+00
  2.350000E-02	  1.502680E+00
  2.360000E-02	  1.502103E+00
  2.370000E-02	  1.501524E+00
  2.380000E-02	  1.500942E+00
  2.390000E-02	  1.500358E+00
  2.400000E-02	  1.499771E+00
  2.410000E-02	  1.499182E+00
  2.420000E-02	  1.498591E+00
  2.430000E-02	  1.497997E+00
  2.440000E-02	  1.497401E+00
  2.450000E-02	  1.496802E+00
  2.460000E-02	  1.496201E+00
  2.470000E-02	  1.495598E+00
  2.480000E-02	  1.494992E+00
  2.490000E-02	  1.494383E+00
  2.500000E-02	  1.493772E+00
  2.510000E-02	  1.493159E+00
  2.520000E-02	  1.492543E+00
  2.530000E-02	  1.491925E+00
  2.540000E-02	  1.491305E+00
  2.550000E-02	  1.490682E+00
  2.560000E-02	  1.490056E+00
  2.570000E-02	  1.489429E+00
  2.580000E-02	  1.488798E+00
  2.590000E-02	  1.488166E+00
  2.600000E-02	  1.487530E+00
  2.610000E-02	  1.486893E+00
  2.620000E-02	  1.486253E+00
  2.630000E-02	  1.485611E+00
  2.640000E-02	  1.484966E+00
  2.650000E-02	  1.484318E+00
  2.660000E-02	  1.483669E+00
  2.670000E-02	  1.483017E+00
  2.680000E-02	  1.482362E+00
  2.690000E-02	  1.481705E+00
  2.700000E-02	  1.481046E+00
  2.710000E-02	  1.480384E+00
  2.720000E-02	  1.479720E+00
  2.730000E-02	  1.479053E+00
  2.740000E-02	  1.478384E+00
  2.750000E-02	  1.477712E+00
  2.760000E-02	  1.477038E+00
  2.770000E-02	  1.476362E+00
  2.780000E-02	  1.475683E+00
  2.790000E-02	  1.475002E+00
  2.800000E-02	  1.474318E+00
  2.810000E-02	  1.473632E+00
  2.820000E-02	  1.472944E+00
  2.830000E-02	  1.472253E+00
  2.840000E-02	  1.471560E+00
  2.850000E-02	  1.470864E+00
  2.860000E-02	  1.470166E+00
  2.870000E-02	  1.469465E+00
  2.880000E-02	  1.468762E+00
  2.890000E-02	  1.468057E+00
  2.900000E-02	  1.467349E+00
  2.910000E-02	  1.466639E+00
  2.920000E-02	  1.465926E+00
  2.930000E-02	  1.465211E+00
  2.940000E-02	  1.464493E+00
  2.950000E-02	  1.463773E+00
  2.960000E-02	  1.463051E+00
  2.970000E-02	  1.462326E+00
  2.980000E-02	  1.461599E+00
  2.990000E-02	  1.460869E+00
  3.000000E-02	  1.460137E+00
  3.010000E-02	  1.459403E+00
  3.020000E-02	  1.458666E+00
  3.030000E-02	  1.457926E+00
  3.040000E-02	  1.457185E+00
  3.050000E-02	  1.456440E+00
  3.060000E-02	  1.455694E+00
  3.070000E-02	  1.454945E+00
  3.080000E-02	  1.454194E+00
  3.090000E-02	  1.453440E+00
  3.100000E-02	  1.452683E+00
  3.110000E-02	  1.451925E+00
  3.120000E-02	  1.451164E+00
  3.130000E-02	  1.450400E+00
  3.140000E-02	  1.449634E+00
  3.150000E-02	  1.448866E+00
  3.160000E-02	  1.448095E+00
  3.170000E-02	  1.447322E+00
  3.180000E-02	  1.446547E+00
  3.190000E-02	  1.445769E+00
  3.200000E-02	  1.444988E+00
  3.210000E-02	  1.444205E+00
  3.220000E-02	  1.443420E+00
  3.230000E-02	  1.442633E+00
  3.240000E-02	  1.441843E+00
  3.250000E-02	  1.441050E+00
  3.260000E-02	  1.440255E+00
  3.270000E-02	  1.439458E+00
  3.280000E-02	  1.438658E+00
  3.290000E-02	  1.437856E+00
  3.300000E-02	  1.437052E+00
  3.310000E-02	  1.436245E+00
  3.320000E-02	  1.435435E+00
  3.330000E-02	  1.434624E+00
  3.340000E-02	  1.433810E+00
  3.350000E-02	  1.432993E+00
  3.360000E-02	  1.432174E+00
  3.370000E-02	  1.431353E+00
  3.380000E-02	  1.430529E+00
  3.390000E-02	  1.429703E+00
  3.400000E-02	  1.428874E+00
  3.410000E-02	  1.428043E+00
  3.420000E-02	  1.427210E+00
  3.430000E-02	  1.426374E+00
  3.440000E-02	  1.425536E+00
  3.450000E-02	  1.424695E+00
  3.460000E-02	  1.423852E+00
  3.470000E-02	  1.423007E+00
  3.480000E-02	  1.422159E+00
  3.490000E-02	  1.421308E+00
  3.500000E-02	  1.420456E+00
  3.510000E-02	  1.419601E+00
  3.520000E-02	  1.418743E+00
  3.530000E-02	  1.417883E+00
  3.540000E-02	  1.417021E+00
  3.550000E-02	  1.416156E+00
  3.560000E-02	  1.415289E+00
  3.570000E-02	  1.414420E+00
  3.580000E-02	  1.413548E+00
  3.590000E-02	  1.412674E+00
  3.600000E-02	  1.411797E+00
  3.610000E-02	  1.410918E+00
  3.620000E-02	  1.410036E+00
  3.630000E-02	  1.409152E+00
  3.640000E-02	  1.408266E+00
  3.650000E-02	  1.407377E+00
  3.660000E-02	  1.406486E+00
  3.670000E-02	  1.405593E+00
  3.680000E-02	  1.404697E+00
  3.690000E-02	  1.403799E+00
  3.700000E-02	  1.402898E+00
  3.710000E-02	  1.401995E+00
  3.720000E-02	  1.401089E+00
  3.730000E-02	  1.400181E+00
  3.740000E-02	  1.399271E+00
  3.750000E-02	  1.398358E+00
  3.760000E-02	  1.397443E+00
  3.770000E-02	  1.396526E+00
  3.780000E-02	  1.395606E+00
  3.790000E-02	  1.394684E+00
  3.800000E-02	  1.393759E+00
  3.810000E-02	  1.392832E+00
  3.820000E-02	  1.391903E+00
  3.830000E-02	  1.390971E+00
  3.840000E-02	  1.390036E+00
  3.850000E-02	  1.389100E+00
  3.860000E-02	  1.388161E+00
  3.870000E-02	  1.387219E+00
  3.880000E-02	  1.386276E+00
  3.890000E-02	  1.385329E+00
  3.900000E-02	  1.384381E+00
  3.910000E-02	  1.383430E+00
  3.920000E-02	  1.382476E+00
  3.930000E-02	  1.381521E+00
  3.940000E-02	  1.380562E+00
  3.950000E-02	  1.379602E+00
  3.960000E-02	  1.378639E+00
  3.970000E-02	  1.377673E+00
  3.980000E-02	  1.376706E+00
  3.990000E-02	  1.375736E+00
  4.000000E-02	  1.374763E+00
  4.010000E-02	  1.373788E+00
  4.020000E-02	  1.372811E+00
  4.030000E-02	  1.371831E+00
  4.040000E-02	  1.370849E+00
  4.050000E-02	  1.369865E+00
  4.060000E-02	  1.368878E+00
  4.070000E-02	  1.367889E+00
  4.080000E-02	  1.366897E+00
  4.090000E-02	  1.365903E+00
  4.100000E-02	  1.364907E+00
  4.110000E-02	  1.363908E+00
  4.120000E-02	  1.362907E+00
  4.130000E-02	  1.361903E+00
  4.140000E-02	  1.360897E+00
  4.150000E-02	  1.359889E+00
  4.160000E-02	  1.358878E+00
  4.170000E-02	  1.357865E+00
  4.180000E-02	  1.356850E+00
  4.190000E-02	  1.355832E+00
  4.200000E-02	  1.354811E+00
  4.210000E-02	  1.353789E+00
  4.220000E-02	  1.352764E+00
  4.230000E-02	  1.351737E+00
  4.240000E-02	  1.350707E+00
  4.250000E-02	  1.349675E+00
  4.260000E-02	  1.348640E+00
  4.270000E-02	  1.347603E+00
  4.280000E-02	  1.346564E+00
  4.290000E-02	  1.345522E+00
  4.300000E-02	  1.344478E+00
  4.310000E-02	  1.343432E+00
  4.320000E-02	  1.342383E+00
  4.330000E-02	  1.341332E+00
  4.340000E-02	  1.340278E+00
  4.350000E-02	  1.339222E+00
  4.360000E-02	  1.338164E+00
  4.370000E-02	  1.337103E+00
  4.380000E-02	  1.336040E+00
  4.390000E-02	  1.334975E+00
  4.400000E-02	  1.333907E+00
  4.410000E-02	  1.332837E+00
  4.420000E-02	  1.331764E+00
  4.430000E-02	  1.330689E+00
  4.440000E-02	  1.329612E+00
  4.450000E-02	  1.328533E+00
  4.460000E-02	  1.327450E+00
  4.470000E-02	  1.326366E+00
  4.480000E-02	  1.325279E+00
  4.490000E-02	  1.324190E+00
  4.500000E-02	  1.323099E+00
  4.510000E-02	  1.322005E+00
  4.520000E-02	  1.320908E+00
  4.530000E-02	  1.319810E+00
  4.540000E-02	  1.318709E+00
  4.550000E-02	  1.317605E+00
  4.560000E-02	  1.316500E+00
  4.570000E-02	  1.315391E+00
  4.580000E-02	  1.314281E+00
  4.590000E-02	  1.313168E+00
  4.600000E-02	  1.312053E+00
  4.610000E-02	  1.310935E+00
  4.620000E-02	  1.309815E+00
  4.630000E-02	  1.308693E+00
  4.640000E-02	  1.307568E+00
  4.650000E-02	  1.306441E+00
  4.660000E-02	  1.305312E+00
  4.670000E-02	  1.304180E+00
  4.680000E-02	  1.303046E+00
  4.690000E-02	  1.301909E+00
  4.700000E-02	  1.300770E+00
  4.710000E-02	  1.299629E+00
  4.720000E-02	  1.298486E+00
  4.730000E-02	  1.297340E+00
  4.740000E-02	  1.296191E+00
  4.750000E-02	  1.295041E+00
  4.760000E-02	  1.293888E+00
  4.770000E-02	  1.292732E+00
  4.780000E-02	  1.291574E+00
  4.790000E-02	  1.290414E+00
  4.800000E-02	  1.289252E+00
  4.810000E-02	  1.288087E+00
  4.820000E-02	  1.286920E+00
  4.830000E-02	  1.285750E+00
  4.840000E-02	  1.284578E+00
  4.850000E-02	  1.283404E+00
  4.860000E-02	  1.282227E+00
  4.870000E-02	  1.281048E+00
  4.880000E-02	  1.279867E+00
  4.890000E-02	  1.278683E+00
  4.900000E-02	  1.277497E+00
  4.910000E-02	  1.276309E+00
  4.920000E-02	  1.275118E+00
  4.930000E-02	  1.273925E+00
  4.940000E-02	  1.272729E+00
  4.950000E-02	  1.271531E+00
  4.960000E-02	  1.270331E+00
  4.970000E-02	  1.269129E+00
  4.980000E-02	  1.267924E+00
  4.990000E-02	  1.266717E+00
  5.000000E-02	  1.265507E+00
  5.010000E-02	  1.264295E+00
  5.020000E-02	  1.263081E+00
  5.030000E-02	  1.261864E+00
  5.040000E-02	  1.260645E+00
  5.050000E-02	  1.259424E+00
  5.060000E-02	  1.258200E+00
  5.070000E-02	  1.256974E+00
  5.080000E-02	  1.255745E+00
  5.090000E-02	  1.254515E+00
  5.100000E-02	  1.253282E+00
  5.110000E-02	  1.252046E+00
  5.120000E-02	  1.250808E+00
  5.130000E-02	  1.249568E+00
  5.140000E-02	  1.248326E+00
  5.150000E-02	  1.247081E+00
  5.160000E-02	  1.245834E+00
  5.170000E-02	  1.244584E+00
  5.180000E-02	  1.243332E+00
  5.190000E-02	  1.242078E+00
  5.200000E-02	  1.240822E+00
  5.210000E-02	  1.239563E+00
  5.220000E-02	  1.238301E+00
  5.230000E-02	  1.237038E+00
  5.240000E-02	  1.235772E+00
  5.250000E-02	  1.234504E+00
  5.260000E-02	  1.233233E+00
  5.270000E-02	  1.231960E+00
  5.280000E-02	  1.230685E+00
  5.290000E-02	  1.229407E+00
  5.300000E-02	  1.228127E+00
  5.310000E-02	  1.226845E+00
  5.320000E-02	  1.225560E+00
  5.330000E-02	  1.224273E+00
  5.340000E-02	  1.222984E+00
  5.350000E-02	  1.221692E+00
  5.360000E-02	  1.220398E+00
  5.370000E-02	  1.219102E+00
  5.380000E-02	  1.217804E+00
  5.390000E-02	  1.216503E+00
  5.400000E-02	  1.215199E+00
  5.410000E-02	  1.213894E+00
  5.420000E-02	  1.212586E+00
  5.430000E-02	  1.211275E+00
  5.440000E-02	  1.209963E+00
  5.450000E-02	  1.208648E+00
  5.460000E-02	  1.207330E+00
  5.470000E-02	  1.206011E+00
  5.480000E-02	  1.204689E+00
  5.490000E-02	  1.203364E+00
  5.500000E-02	  1.202038E+00
  5.510000E-02	  1.200709E+00
  5.520000E-02	  1.199377E+00
  5.530000E-02	  1.198044E+00
  5.540000E-02	  1.196708E+00
  5.550000E-02	  1.195370E+00
  5.560000E-02	  1.194029E+00
  5.570000E-02	  1.192686E+00
  5.580000E-02	  1.191341E+00
  5.590000E-02	  1.189993E+00
  5.600000E-02	  1.188643E+00
  5.610000E-02	  1.187291E+00
  5.620000E-02	  1.185936E+00
  5.630000E-02	  1.184580E+00
  5.640000E-02	  1.183220E+00
  5.650000E-02	  1.181859E+00
  5.660000E-02	  1.180495E+00
  5.670000E-02	  1.179129E+00
  5.680000E-02	  1.177760E+00
  5.690000E-02	  1.176389E+00
  5.700000E-02	  1.175016E+00
  5.710000E-02	  1.173641E+00
  5.720000E-02	  1.172263E+00
  5.730000E-02	  1.170883E+00
  5.740000E-02	  1.169501E+00
  5.750000E-02	  1.168116E+00
  5.760000E-02	  1.166729E+00
  5.770000E-02	  1.165339E+00
  5.780000E-02	  1.163948E+00
  5.790000E-02	  1.162554E+00
  5.800000E-02	  1.161157E+00
  5.810000E-02	  1.159759E+00
  5.820000E-02	  1.158358E+00
  5.830000E-02	  1.156955E+00
  5.840000E-02	  1.155549E+00
  5.850000E-02	  1.154141E+00
  5.860000E-02	  1.152731E+00
  5.870000E-02	  1.151318E+00
  5.880000E-02	  1.149904E+00
  5.890000E-02	  1.148486E+00
  5.900000E-02	  1.147067E+00
  5.910000E-02	  1.145645E+00
  5.920000E-02	  1.144221E+00
  5.930000E-02	  1.142795E+00
  5.940000E-02	  1.141366E+00
  5.950000E-02	  1.139935E+00
  5.960000E-02	  1.138502E+00
  5.970000E-02	  1.137066E+00
  5.980000E-02	  1.135628E+00
  5.990000E-02	  1.134188E+00
  6.000000E-02	  1.132745E+00
  6.010000E-02	  1.131301E+00
  6.020000E-02	  1.129853E+00
  6.030000E-02	  1.128404E+00
  6.040000E-02	  1.126952E+00
  6.050000E-02	  1.125498E+00
  6.060000E-02	  1.124042E+00
  6.070000E-02	  1.122583E+00
  6.080000E-02	  1.121122E+00
  6.090000E-02	  1.119659E+00
  6.100000E-02	  1.118193E+00
  6.110000E-02	  1.116725E+00
  6.120000E-02	  1.115255E+00
  6.130000E-02	  1.113783E+00
  6.140000E-02	  1.112308E+00
  6.150000E-02	  1.110831E+00
  6.160000E-02	  1.109352E+00
  6.170000E-02	  1.107870E+00
  6.180000E-02	  1.106386E+00
  6.190000E-02	  1.104900E+00
  6.200000E-02	  1.103411E+00
  6.210000E-02	  1.101920E+00
  6.220000E-02	  1.100427E+00
  6.230000E-02	  1.098932E+00
  6.240000E-02	  1.097434E+00
  6.250000E-02	  1.095934E+00
  6.260000E-02	  1.094432E+00
  6.270000E-02	  1.092927E+00
  6.280000E-02	  1.091420E+00
  6.290000E-02	  1.089911E+00
  6.300000E-02	  1.088399E+00
  6.310000E-02	  1.086886E+00
  6.320000E-02	  1.085369E+00
  6.330000E-02	  1.083851E+00
  6.340000E-02	  1.082330E+00
  6.350000E-02	  1.080808E+00
  6.360000E-02	  1.079282E+00
  6.370000E-02	  1.077755E+00
  6.380000E-02	  1.076225E+00
  6.390000E-02	  1.074693E+00
  6.400000E-02	  1.073158E+00
  6.410000E-02	  1.071622E+00
  6.420000E-02	  1.070083E+00
  6.430000E-02	  1.068542E+00
  6.440000E-02	  1.066998E+00
  6.450000E-02	  1.065452E+00
  6.460000E-02	  1.063904E+00
  6.470000E-02	  1.062354E+00
  6.480000E-02	  1.060801E+00
  6.490000E-02	  1.059246E+00
  6.500000E-02	  1.057689E+00
  6.510000E-02	  1.056130E+00
  6.520000E-02	  1.054568E+00
  6.530000E-02	  1.053004E+00
  6.540000E-02	  1.051437E+00
  6.550000E-02	  1.049869E+00
  6.560000E-02	  1.048298E+00
  6.570000E-02	  1.046725E+00
  6.580000E-02	  1.045149E+00
  6.590000E-02	  1.043572E+00
  6.600000E-02	  1.041992E+00
  6.610000E-02	  1.040409E+00
  6.620000E-02	  1.038825E+00
  6.630000E-02	  1.037238E+00
  6.640000E-02	  1.035649E+00
  6.650000E-02	  1.034058E+00
  6.660000E-02	  1.032464E+00
  6.670000E-02	  1.030868E+00
  6.680000E-02	  1.029270E+00
  6.690000E-02	  1.027670E+00
  6.700000E-02	  1.026067E+00
  6.710000E-02	  1.024462E+00
  6.720000E-02	  1.022855E+00
  6.730000E-02	  1.021245E+00
  6.740000E-02	  1.019633E+00
  6.750000E-02	  1.018019E+00
  6.760000E-02	  1.016403E+00
  6.770000E-02	  1.014784E+00
  6.780000E-02	  1.013163E+00
  6.790000E-02	  1.011540E+00
  6.800000E-02	  1.009915E+00
  6.810000E-02	  1.008287E+00
  6.820000E-02	  1.006657E+00
  6.830000E-02	  1.005025E+00
  6.840000E-02	  1.003391E+00
  6.850000E-02	  1.001754E+00
  6.860000E-02	  1.000115E+00
  6.870000E-02	  9.984739E-01
  6.880000E-02	  9.968304E-01
  6.890000E-02	  9.951847E-01
  6.900000E-02	  9.935367E-01
  6.910000E-02	  9.918864E-01
  6.920000E-02	  9.902339E-01
  6.930000E-02	  9.885791E-01
  6.940000E-02	  9.869221E-01
  6.950000E-02	  9.852628E-01
  6.960000E-02	  9.836013E-01
  6.970000E-02	  9.819375E-01
  6.980000E-02	  9.802714E-01
  6.990000E-02	  9.786031E-01
  7.000000E-02	  9.769326E-01
  7.010000E-02	  9.752598E-01
  7.020000E-02	  9.735847E-01
  7.030000E-02	  9.719074E-01
  7.040000E-02	  9.702278E-01
  7.050000E-02	  9.685460E-01
  7.060000E-02	  9.668619E-01
  7.070000E-02	  9.651756E-01
  7.080000E-02	  9.634870E-01
  7.090000E-02	  9.617962E-01
  7.100000E-02	  9.601032E-01
  7.110000E-02	  9.584079E-01
  7.120000E-02	  9.567103E-01
  7.130000E-02	  9.550105E-01
  7.140000E-02	  9.533084E-01
  7.150000E-02	  9.516041E-01
  7.160000E-02	  9.498976E-01
  7.170000E-02	  9.481888E-01
  7.180000E-02	  9.464778E-01
  7.190000E-02	  9.447645E-01
  7.200000E-02	  9.430490E-01
  7.210000E-02	  9.413313E-01
  7.220000E-02	  9.396113E-01
  7.230000E-02	  9.378890E-01
  7.240000E-02	  9.361646E-01
  7.250000E-02	  9.344379E-01
  7.260000E-02	  9.327089E-01
  7.270000E-02	  9.309777E-01
  7.280000E-02	  9.292443E-01
  7.290000E-02	  9.275086E-01
  7.300000E-02	  9.257707E-01
  7.310000E-02	  9.240306E-01
  7.320000E-02	  9.222882E-01
  7.330000E-02	  9.205436E-01
  7.340000E-02	  9.187968E-01
  7.350000E-02	  9.170477E-01
  7.360000E-02	  9.152964E-01
  7.370000E-02	  9.135429E-01
  7.380000E-02	  9.117871E-01
  7.390000E-02	  9.100291E-01
  7.400000E-02	  9.082688E-01
  7.410000E-02	  9.065064E-01
  7.420000E-02	  9.047417E-01
  7.430000E-02	  9.029748E-01
  7.440000E-02	  9.012056E-01
  7.450000E-02	  8.994343E-01
  7.460000E-02	  8.976606E-01
  7.470000E-02	  8.958848E-01
  7.480000E-02	  8.941068E-01
  7.490000E-02	  8.923265E-01
  7.500000E-02	  8.905440E-01
  7.510000E-02	  8.887593E-01
  7.520000E-02	  8.869723E-01
  7.530000E-02	  8.851831E-01
  7.540000E-02	  8.833917E-01
  7.550000E-02	  8.815981E-01
  7.560000E-02	  8.798023E-01
  7.570000E-02	  8.780042E-01
  7.580000E-02	  8.762039E-01
  7.590000E-02	  8.744014E-01
  7.600000E-02	  8.725967E-01
  7.610000E-02	  8.707898E-01
  7.620000E-02	  8.689806E-01
  7.630000E-02	  8.671693E-01
  7.640000E-02	  8.653557E-01
  7.650000E-02	  8.635399E-01
  7.660000E-02	  8.617219E-01
  7.670000E-02	  8.599016E-01
  7.680000E-02	  8.580792E-01
  7.690000E-02	  8.562545E-01
  7.700000E-02	  8.544277E-01
  7.710000E-02	  8.525986E-01
  7.720000E-02	  8.507673E-01
  7.730000E-02	  8.489338E-01
  7.740000E-02	  8.470981E-01
  7.750000E-02	  8.452602E-01
  7.760000E-02	  8.434200E-01
  7.770000E-02	  8.415777E-01
  7.780000E-02	  8.397331E-01
  7.790000E-02	  8.378864E-01
  7.800000E-02	  8.360374E-01
  7.810000E-02	  8.341863E-01
  7.820000E-02	  8.323329E-01
  7.830000E-02	  8.304773E-01
  7.840000E-02	  8.286195E-01
  7.850000E-02	  8.267595E-01
  7.860000E-02	  8.248974E-01
  7.870000E-02	  8.230330E-01
  7.880000E-02	  8.211664E-01
  7.890000E-02	  8.192976E-01
  7.900000E-02	  8.174266E-01
  7.910000E-02	  8.155534E-01
  7.920000E-02	  8.136780E-01
  7.930000E-02	  8.118004E-01
  7.940000E-02	  8.099206E-01
  7.950000E-02	  8.080387E-01
  7.960000E-02	  8.061545E-01
  7.970000E-02	  8.042681E-01
  7.980000E-02	  8.023795E-01
  7.990000E-02	  8.004888E-01
  8.000000E-02	  7.985958E-01
  8.010000E-02	  7.967007E-01
  8.020000E-02	  7.948033E-01
  8.030000E-02	  7.929038E-01
  8.040000E-02	  7.910021E-01
  8.050000E-02	  7.890981E-01
  8.060000E-02	  7.871920E-01
  8.070000E-02	  7.852837E-01
  8.080000E-02	  7.833733E-01
  8.090000E-02	  7.814606E-01
  8.100000E-02	  7.795457E-01
  8.110000E-02	  7.776287E-01
  8.120000E-02	  7.757094E-01
  8.130000E-02	  7.737880E-01
  8.140000E-02	  7.718644E-01
  8.150000E-02	  7.699386E-01
  8.160000E-02	  7.680106E-01
  8.170000E-02	  7.660805E-01
  8.180000E-02	  7.641481E-01
  8.190000E-02	  7.622136E-01
  8.200000E-02	  7.602769E-01
  8.210000E-02	  7.583380E-01
  8.220000E-02	  7.563970E-01
  8.230000E-02	  7.544537E-01
  8.240000E-02	  7.525083E-01
  8.250000E-02	  7.505607E-01
  8.260000E-02	  7.486109E-01
  8.270000E-02	  7.466590E-01
  8.280000E-02	  7.447048E-01
  8.290000E-02	  7.427485E-01
  8.300000E-02	  7.407901E-01
  8.310000E-02	  7.388294E-01
  8.320000E-02	  7.368666E-01
  8.330000E-02	  7.349016E-01
  8.340000E-02	  7.329344E-01
  8.350000E-02	  7.309651E-01
  8.360000E-02	  7.289935E-01
  8.370000E-02	  7.270199E-01
  8.380000E-02	  7.250440E-01
  8.390000E-02	  7.230660E-01
  8.400000E-02	  7.210858E-01
  8.410000E-02	  7.191034E-01
  8.420000E-02	  7.171189E-01
  8.430000E-02	  7.151322E-01
  8.440000E-02	  7.131434E-01
  8.450000E-02	  7.111523E-01
  8.460000E-02	  7.091591E-01
  8.470000E-02	  7.071638E-01
  8.480000E-02	  7.051663E-01
  8.490000E-02	  7.031666E-01
  8.500000E-02	  7.011648E-01
  8.510000E-02	  6.991608E-01
  8.520000E-02	  6.971546E-01
  8.530000E-02	  6.951463E-01
  8.540000E-02	  6.931358E-01
  8.550000E-02	  6.911232E-01
  8.560000E-02	  6.891084E-01
  8.570000E-02	  6.870914E-01
  8.580000E-02	  6.850723E-01
  8.590000E-02	  6.830510E-01
  8.600000E-02	  6.810276E-01
  8.610000E-02	  6.790021E-01
  8.620000E-02	  6.769743E-01
  8.630000E-02	  6.749444E-01
  8.640000E-02	  6.729124E-01
  8.650000E-02	  6.708782E-01
  8.660000E-02	  6.688419E-01
  8.670000E-02	  6.668034E-01
  8.680000E-02	  6.647628E-01
  8.690000E-02	  6.627200E-01
  8.700000E-02	  6.606751E-01
  8.710000E-02	  6.586280E-01
  8.720000E-02	  6.565788E-01
  8.730000E-02	  6.545274E-01
  8.740000E-02	  6.524739E-01
  8.750000E-02	  6.504182E-01
  8.760000E-02	  6.483604E-01
  8.770000E-02	  6.463004E-01
  8.780000E-02	  6.442383E-01
  8.790000E-02	  6.421741E-01
  8.800000E-02	  6.401077E-01
  8.810000E-02	  6.380392E-01
  8.820000E-02	  6.359685E-01
  8.830000E-02	  6.338957E-01
  8.840000E-02	  6.318208E-01
  8.850000E-02	  6.297437E-01
  8.860000E-02	  6.276645E-01
  8.870000E-02	  6.255832E-01
  8.880000E-02	  6.234997E-01
  8.890000E-02	  6.214141E-01
  8.900000E-02	  6.193263E-01
  8.910000E-02	  6.172364E-01
  8.920000E-02	  6.151444E-01
  8.930000E-02	  6.130502E-01
  8.940000E-02	  6.109539E-01
  8.950000E-02	  6.088555E-01
  8.960000E-02	  6.067550E-01
  8.970000E-02	  6.046523E-01
  8.980000E-02	  6.025475E-01
  8.990000E-02	  6.004405E-01
  9.000000E-02	  5.983315E-01
  9.010000E-02	  5.962203E-01
  9.020000E-02	  5.941069E-01
  9.030000E-02	  5.919915E-01
  9.040000E-02	  5.898739E-01
  9.050000E-02	  5.877542E-01
  9.060000E-02	  5.856324E-01
  9.070000E-02	  5.835085E-01
  9.080000E-02	  5.813824E-01
  9.090000E-02	  5.792542E-01
  9.100000E-02	  5.771239E-01
  9.110000E-02	  5.749915E-01
  9.120000E-02	  5.728569E-01
  9.130000E-02	  5.707202E-01
  9.140000E-02	  5.685815E-01
  9.150000E-02	  5.664406E-01
  9.160000E-02	  5.642975E-01
  9.170000E-02	  5.621524E-01
  9.180000E-02	  5.600051E-01
  9.190000E-02	  5.578558E-01
  9.200000E-02	  5.557043E-01
  9.210000E-02	  5.535507E-01
  9.220000E-02	  5.513950E-01
  9.230000E-02	  5.492372E-01
  9.240000E-02	  5.470773E-01
  9.250000E-02	  5.449152E-01
  9.260000E-02	  5.427511E-01
  9.270000E-02	  5.405848E-01
  9.280000E-02	  5.384164E-01
  9.290000E-02	  5.362460E-01
  9.300000E-02	  5.340734E-01
  9.310000E-02	  5.318987E-01
  9.320000E-02	  5.297219E-01
  9.330000E-02	  5.275430E-01
  9.340000E-02	  5.253620E-01
  9.350000E-02	  5.231789E-01
  9.360000E-02	  5.209937E-01
  9.370000E-02	  5.188064E-01
  9.380000E-02	  5.166170E-01
  9.390000E-02	  5.144255E-01
  9.400000E-02	  5.122318E-01
  9.410000E-02	  5.100361E-01
  9.420000E-02	  5.078383E-01
  9.430000E-02	  5.056384E-01
  9.440000E-02	  5.034364E-01
  9.450000E-02	  5.012323E-01
  9.460000E-02	  4.990261E-01
  9.470000E-02	  4.968178E-01
  9.480000E-02	  4.946074E-01
  9.490000E-02	  4.923950E-01
  9.500000E-02	  4.901804E-01
  9.510000E-02	  4.879637E-01
  9.520000E-02	  4.857450E-01
  9.530000E-02	  4.835241E-01
  9.540000E-02	  4.813012E-01
  9.550000E-02	  4.790762E-01
  9.560000E-02	  4.768491E-01
  9.570000E-02	  4.746199E-01
  9.580000E-02	  4.723886E-01
  9.590000E-02	  4.701552E-01
  9.600000E-02	  4.679197E-01
  9.610000E-02	  4.656822E-01
  9.620000E-02	  4.634426E-01
  9.630000E-02	  4.612009E-01
  9.640000E-02	  4.589571E-01
  9.650000E-02	  4.567112E-01
  9.660000E-02	  4.544632E-01
  9.670000E-02	  4.522132E-01
  9.680000E-02	  4.499611E-01
  9.690000E-02	  4.477069E-01
  9.700000E-02	  4.454506E-01
  9.710000E-02	  4.431923E-01
  9.720000E-02	  4.409318E-01
  9.730000E-02	  4.386693E-01
  9.740000E-02	  4.364048E-01
  9.750000E-02	  4.341381E-01
  9.760000E-02	  4.318694E-01
  9.770000E-02	  4.295986E-01
  9.780000E-02	  4.273257E-01
  9.790000E-02	  4.250508E-01
  9.800000E-02	  4.227737E-01
  9.810000E-02	  4.204947E-01
  9.820000E-02	  4.182135E-01
  9.830000E-02	  4.159303E-01
  9.840000E-02	  4.136450E-01
  9.850000E-02	  4.113576E-01
  9.860000E-02	  4.090682E-01
  9.870000E-02	  4.067767E-01
  9.880000E-02	  4.044832E-01
  9.890000E-02	  4.021875E-01
  9.900000E-02	  3.998899E-01
  9.910000E-02	  3.975901E-01
  9.920000E-02	  3.952883E-01
  9.930000E-02	  3.929844E-01
  9.940000E-02	  3.906785E-01
  9.950000E-02	  3.883705E-01
  9.960000E-02	  3.860605E-01
  9.970000E-02	  3.837484E-01
  9.980000E-02	  3.814342E-01
  9.990000E-02	  3.791180E-01
  1.000000E-01	  3.767997E-01
  1.001000E-01	  3.744794E-01
  1.002000E-01	  3.721570E-01
  1.003000E-01	  3.698325E-01
  1.004000E-01	  3.675060E-01
  1.005000E-01	  3.651775E-01
  1.006000E-01	  3.628469E-01
  1.007000E-01	  3.605143E-01
  1.008000E-01	  3.581796E-01
  1.009000E-01	  3.558428E-01
  1.010000E-01	  3.535040E-01
  1.011000E-01	  3.511632E-01
  1.012000E-01	  3.488203E-01
  1.013000E-01	  3.464753E-01
  1.014000E-01	  3.441284E-01
  1.015000E-01	  3.417793E-01
  1.016000E-01	  3.394283E-01
  1.017000E-01	  3.370751E-01
  1.018000E-01	  3.347200E-01
  1.019000E-01	  3.323628E-01
  1.020000E-01	  3.300035E-01
  1.021000E-01	  3.276423E-01
  1.022000E-01	  3.252789E-01
  1.023000E-01	  3.229136E-01
