Listing of POP Phase Cross-Section Data

File : C:\Users\liyitong\Documents\Zemax\Autosave\Recovered\R_fu_05.zos
Title: 
Date : 2026/6/29


Phase X-Cross section surface 4 
Beam wavelength is 1.00000 µm in the media with index 1.00000 at 0.0000 (deg)
Center, Y = 0.0000E+00
Beam Width X = 1.17820E-01, Y = 1.17820E-01 Millimeters
Grid size (X by Y): 2048 by 2048


  X Coordinate	    Phase (rad)
 -1.024000E-01	  2.813179E+00
 -1.023000E-01	  2.810803E+00
 -1.022000E-01	  2.808430E+00
 -1.021000E-01	  2.806058E+00
 -1.020000E-01	  2.803689E+00
 -1.019000E-01	  2.801321E+00
 -1.018000E-01	  2.798956E+00
 -1.017000E-01	  2.796592E+00
 -1.016000E-01	  2.794231E+00
 -1.015000E-01	  2.791872E+00
 -1.014000E-01	  2.789514E+00
 -1.013000E-01	  2.787159E+00
 -1.012000E-01	  2.784806E+00
 -1.011000E-01	  2.782455E+00
 -1.010000E-01	  2.780106E+00
 -1.009000E-01	  2.777759E+00
 -1.008000E-01	  2.775414E+00
 -1.007000E-01	  2.773071E+00
 -1.006000E-01	  2.770730E+00
 -1.005000E-01	  2.768392E+00
 -1.004000E-01	  2.766055E+00
 -1.003000E-01	  2.763720E+00
 -1.002000E-01	  2.761388E+00
 -1.001000E-01	  2.759057E+00
 -1.000000E-01	  2.756729E+00
 -9.990003E-02	  2.754402E+00
 -9.980003E-02	  2.752078E+00
 -9.970003E-02	  2.749755E+00
 -9.960003E-02	  2.747435E+00
 -9.950003E-02	  2.745117E+00
 -9.940003E-02	  2.742801E+00
 -9.930003E-02	  2.740487E+00
 -9.920003E-02	  2.738175E+00
 -9.910003E-02	  2.735865E+00
 -9.900003E-02	  2.733557E+00
 -9.890003E-02	  2.731251E+00
 -9.880003E-02	  2.728948E+00
 -9.870003E-02	  2.726646E+00
 -9.860003E-02	  2.724346E+00
 -9.850003E-02	  2.722049E+00
 -9.840003E-02	  2.719753E+00
 -9.830002E-02	  2.717460E+00
 -9.820002E-02	  2.715169E+00
 -9.810002E-02	  2.712880E+00
 -9.800002E-02	  2.710592E+00
 -9.790002E-02	  2.708307E+00
 -9.780002E-02	  2.706024E+00
 -9.770002E-02	  2.703743E+00
 -9.760002E-02	  2.701465E+00
 -9.750002E-02	  2.699188E+00
 -9.740002E-02	  2.696913E+00
 -9.730002E-02	  2.694641E+00
 -9.720002E-02	  2.692370E+00
 -9.710002E-02	  2.690102E+00
 -9.700002E-02	  2.687835E+00
 -9.690002E-02	  2.685571E+00
 -9.680002E-02	  2.683309E+00
 -9.670002E-02	  2.681049E+00
 -9.660002E-02	  2.678791E+00
 -9.650002E-02	  2.676535E+00
 -9.640002E-02	  2.674281E+00
 -9.630002E-02	  2.672029E+00
 -9.620002E-02	  2.669780E+00
 -9.610002E-02	  2.667532E+00
 -9.600002E-02	  2.665286E+00
 -9.590002E-02	  2.663043E+00
 -9.580002E-02	  2.660802E+00
 -9.570002E-02	  2.658563E+00
 -9.560002E-02	  2.656325E+00
 -9.550002E-02	  2.654090E+00
 -9.540002E-02	  2.651857E+00
 -9.530002E-02	  2.649627E+00
 -9.520002E-02	  2.647398E+00
 -9.510002E-02	  2.645171E+00
 -9.500002E-02	  2.642947E+00
 -9.490002E-02	  2.640724E+00
 -9.480002E-02	  2.638504E+00
 -9.470002E-02	  2.636285E+00
 -9.460002E-02	  2.634069E+00
 -9.450002E-02	  2.631855E+00
 -9.440002E-02	  2.629643E+00
 -9.430002E-02	  2.627433E+00
 -9.420002E-02	  2.625226E+00
 -9.410002E-02	  2.623020E+00
 -9.400002E-02	  2.620816E+00
 -9.390002E-02	  2.618615E+00
 -9.380002E-02	  2.616416E+00
 -9.370002E-02	  2.614218E+00
 -9.360002E-02	  2.612023E+00
 -9.350002E-02	  2.609830E+00
 -9.340002E-02	  2.607639E+00
 -9.330002E-02	  2.605451E+00
 -9.320002E-02	  2.603264E+00
 -9.310002E-02	  2.601079E+00
 -9.300002E-02	  2.598897E+00
 -9.290002E-02	  2.596716E+00
 -9.280002E-02	  2.594538E+00
 -9.270002E-02	  2.592362E+00
 -9.260002E-02	  2.590188E+00
 -9.250002E-02	  2.588016E+00
 -9.240002E-02	  2.585846E+00
 -9.230002E-02	  2.583679E+00
 -9.220002E-02	  2.581513E+00
 -9.210002E-02	  2.579350E+00
 -9.200002E-02	  2.577188E+00
 -9.190002E-02	  2.575029E+00
 -9.180002E-02	  2.572872E+00
 -9.170002E-02	  2.570717E+00
 -9.160002E-02	  2.568564E+00
 -9.150002E-02	  2.566413E+00
 -9.140002E-02	  2.564265E+00
 -9.130002E-02	  2.562118E+00
 -9.120002E-02	  2.559974E+00
 -9.110002E-02	  2.557832E+00
 -9.100002E-02	  2.555692E+00
 -9.090002E-02	  2.553554E+00
 -9.080002E-02	  2.551418E+00
 -9.070002E-02	  2.549284E+00
 -9.060002E-02	  2.547152E+00
 -9.050002E-02	  2.545023E+00
 -9.040002E-02	  2.542896E+00
 -9.030002E-02	  2.540770E+00
 -9.020002E-02	  2.538647E+00
 -9.010002E-02	  2.536526E+00
 -9.000002E-02	  2.534408E+00
 -8.990002E-02	  2.532291E+00
 -8.980002E-02	  2.530176E+00
 -8.970002E-02	  2.528064E+00
 -8.960002E-02	  2.525954E+00
 -8.950002E-02	  2.523845E+00
 -8.940002E-02	  2.521739E+00
 -8.930002E-02	  2.519636E+00
 -8.920002E-02	  2.517534E+00
 -8.910002E-02	  2.515434E+00
 -8.900002E-02	  2.513337E+00
 -8.890002E-02	  2.511241E+00
 -8.880002E-02	  2.509148E+00
 -8.870002E-02	  2.507057E+00
 -8.860002E-02	  2.504968E+00
 -8.850002E-02	  2.502882E+00
 -8.840002E-02	  2.500797E+00
 -8.830002E-02	  2.498715E+00
 -8.820002E-02	  2.496634E+00
 -8.810002E-02	  2.494556E+00
 -8.800002E-02	  2.492480E+00
 -8.790002E-02	  2.490406E+00
 -8.780002E-02	  2.488334E+00
 -8.770002E-02	  2.486265E+00
 -8.760002E-02	  2.484197E+00
 -8.750002E-02	  2.482132E+00
 -8.740002E-02	  2.480069E+00
 -8.730002E-02	  2.478008E+00
 -8.720002E-02	  2.475949E+00
 -8.710002E-02	  2.473893E+00
 -8.700002E-02	  2.471838E+00
 -8.690002E-02	  2.469786E+00
 -8.680002E-02	  2.467735E+00
 -8.670002E-02	  2.465687E+00
 -8.660002E-02	  2.463641E+00
 -8.650002E-02	  2.461598E+00
 -8.640002E-02	  2.459556E+00
 -8.630002E-02	  2.457517E+00
 -8.620002E-02	  2.455479E+00
 -8.610002E-02	  2.453444E+00
 -8.600002E-02	  2.451411E+00
 -8.590002E-02	  2.449381E+00
 -8.580002E-02	  2.447352E+00
 -8.570002E-02	  2.445325E+00
 -8.560002E-02	  2.443301E+00
 -8.550002E-02	  2.441279E+00
 -8.540002E-02	  2.439259E+00
 -8.530002E-02	  2.437241E+00
 -8.520002E-02	  2.435225E+00
 -8.510002E-02	  2.433212E+00
 -8.500002E-02	  2.431201E+00
 -8.490002E-02	  2.429192E+00
 -8.480002E-02	  2.427185E+00
 -8.470002E-02	  2.425180E+00
 -8.460002E-02	  2.423177E+00
 -8.450002E-02	  2.421177E+00
 -8.440002E-02	  2.419178E+00
 -8.430002E-02	  2.417182E+00
 -8.420002E-02	  2.415188E+00
 -8.410002E-02	  2.413196E+00
 -8.400002E-02	  2.411207E+00
 -8.390002E-02	  2.409219E+00
 -8.380002E-02	  2.407234E+00
 -8.370002E-02	  2.405251E+00
 -8.360002E-02	  2.403270E+00
 -8.350002E-02	  2.401291E+00
 -8.340002E-02	  2.399315E+00
 -8.330002E-02	  2.397340E+00
 -8.320002E-02	  2.395368E+00
 -8.310002E-02	  2.393398E+00
 -8.300002E-02	  2.391430E+00
 -8.290002E-02	  2.389465E+00
 -8.280002E-02	  2.387501E+00
 -8.270002E-02	  2.385540E+00
 -8.260002E-02	  2.383581E+00
 -8.250002E-02	  2.381624E+00
 -8.240002E-02	  2.379669E+00
 -8.230002E-02	  2.377716E+00
 -8.220002E-02	  2.375766E+00
 -8.210002E-02	  2.373818E+00
 -8.200002E-02	  2.371872E+00
 -8.190002E-02	  2.369928E+00
 -8.180002E-02	  2.367986E+00
 -8.170002E-02	  2.366047E+00
 -8.160002E-02	  2.364109E+00
 -8.150002E-02	  2.362174E+00
 -8.140002E-02	  2.360241E+00
 -8.130002E-02	  2.358311E+00
 -8.120002E-02	  2.356382E+00
 -8.110002E-02	  2.354456E+00
 -8.100002E-02	  2.352532E+00
 -8.090002E-02	  2.350610E+00
 -8.080002E-02	  2.348690E+00
 -8.070002E-02	  2.346773E+00
 -8.060002E-02	  2.344857E+00
 -8.050002E-02	  2.342944E+00
 -8.040002E-02	  2.341033E+00
 -8.030002E-02	  2.339124E+00
 -8.020002E-02	  2.337218E+00
 -8.010002E-02	  2.335314E+00
 -8.000002E-02	  2.333411E+00
 -7.990002E-02	  2.331511E+00
 -7.980002E-02	  2.329614E+00
 -7.970002E-02	  2.327718E+00
 -7.960002E-02	  2.325825E+00
 -7.950002E-02	  2.323934E+00
 -7.940002E-02	  2.322045E+00
 -7.930002E-02	  2.320158E+00
 -7.920002E-02	  2.318273E+00
 -7.910002E-02	  2.316391E+00
 -7.900002E-02	  2.314511E+00
 -7.890002E-02	  2.312633E+00
 -7.880002E-02	  2.310757E+00
 -7.870002E-02	  2.308884E+00
 -7.860002E-02	  2.307012E+00
 -7.850002E-02	  2.305143E+00
 -7.840002E-02	  2.303276E+00
 -7.830002E-02	  2.301412E+00
 -7.820002E-02	  2.299549E+00
 -7.810002E-02	  2.297689E+00
 -7.800002E-02	  2.295831E+00
 -7.790002E-02	  2.293975E+00
 -7.780002E-02	  2.292122E+00
 -7.770002E-02	  2.290270E+00
 -7.760002E-02	  2.288421E+00
 -7.750002E-02	  2.286574E+00
 -7.740002E-02	  2.284729E+00
 -7.730002E-02	  2.282887E+00
 -7.720002E-02	  2.281046E+00
 -7.710002E-02	  2.279208E+00
 -7.700002E-02	  2.277372E+00
 -7.690002E-02	  2.275539E+00
 -7.680002E-02	  2.273707E+00
 -7.670002E-02	  2.271878E+00
 -7.660002E-02	  2.270051E+00
 -7.650002E-02	  2.268226E+00
 -7.640002E-02	  2.266404E+00
 -7.630002E-02	  2.264583E+00
 -7.620002E-02	  2.262765E+00
 -7.610002E-02	  2.260949E+00
 -7.600002E-02	  2.259136E+00
 -7.590002E-02	  2.257324E+00
 -7.580002E-02	  2.255515E+00
 -7.570002E-02	  2.253708E+00
 -7.560002E-02	  2.251903E+00
 -7.550002E-02	  2.250101E+00
 -7.540002E-02	  2.248300E+00
 -7.530002E-02	  2.246502E+00
 -7.520002E-02	  2.244706E+00
 -7.510002E-02	  2.242913E+00
 -7.500002E-02	  2.241121E+00
 -7.490002E-02	  2.239332E+00
 -7.480002E-02	  2.237545E+00
 -7.470002E-02	  2.235761E+00
 -7.460002E-02	  2.233978E+00
 -7.450002E-02	  2.232198E+00
 -7.440002E-02	  2.230420E+00
 -7.430002E-02	  2.228644E+00
 -7.420002E-02	  2.226871E+00
 -7.410002E-02	  2.225099E+00
 -7.400002E-02	  2.223330E+00
 -7.390002E-02	  2.221563E+00
 -7.380002E-02	  2.219799E+00
 -7.370002E-02	  2.218036E+00
 -7.360002E-02	  2.216276E+00
 -7.350002E-02	  2.214518E+00
 -7.340002E-02	  2.212763E+00
 -7.330002E-02	  2.211009E+00
 -7.320002E-02	  2.209258E+00
 -7.310002E-02	  2.207509E+00
 -7.300002E-02	  2.205763E+00
 -7.290002E-02	  2.204018E+00
 -7.280002E-02	  2.202276E+00
 -7.270002E-02	  2.200536E+00
 -7.260002E-02	  2.198798E+00
 -7.250002E-02	  2.197063E+00
 -7.240002E-02	  2.195330E+00
 -7.230002E-02	  2.193599E+00
 -7.220002E-02	  2.191870E+00
 -7.210002E-02	  2.190144E+00
 -7.200002E-02	  2.188419E+00
 -7.190002E-02	  2.186697E+00
 -7.180002E-02	  2.184978E+00
 -7.170002E-02	  2.183260E+00
 -7.160002E-02	  2.181545E+00
 -7.150002E-02	  2.179832E+00
 -7.140002E-02	  2.178121E+00
 -7.130002E-02	  2.176413E+00
 -7.120002E-02	  2.174707E+00
 -7.110002E-02	  2.173003E+00
 -7.100002E-02	  2.171301E+00
 -7.090002E-02	  2.169602E+00
 -7.080002E-02	  2.167904E+00
 -7.070002E-02	  2.166210E+00
 -7.060002E-02	  2.164517E+00
 -7.050002E-02	  2.162826E+00
 -7.040002E-02	  2.161138E+00
 -7.030002E-02	  2.159452E+00
 -7.020002E-02	  2.157769E+00
 -7.010002E-02	  2.156087E+00
 -7.000002E-02	  2.154408E+00
 -6.990002E-02	  2.152731E+00
 -6.980002E-02	  2.151057E+00
 -6.970002E-02	  2.149384E+00
 -6.960002E-02	  2.147714E+00
 -6.950002E-02	  2.146046E+00
 -6.940002E-02	  2.144381E+00
 -6.930002E-02	  2.142718E+00
 -6.920002E-02	  2.141057E+00
 -6.910002E-02	  2.139398E+00
 -6.900002E-02	  2.137741E+00
 -6.890002E-02	  2.136087E+00
 -6.880002E-02	  2.134435E+00
 -6.870002E-02	  2.132785E+00
 -6.860002E-02	  2.131138E+00
 -6.850002E-02	  2.129493E+00
 -6.840002E-02	  2.127850E+00
 -6.830002E-02	  2.126209E+00
 -6.820002E-02	  2.124571E+00
 -6.810002E-02	  2.122935E+00
 -6.800002E-02	  2.121301E+00
 -6.790002E-02	  2.119670E+00
 -6.780002E-02	  2.118040E+00
 -6.770002E-02	  2.116413E+00
 -6.760002E-02	  2.114789E+00
 -6.750002E-02	  2.113166E+00
 -6.740002E-02	  2.111546E+00
 -6.730002E-02	  2.109928E+00
 -6.720002E-02	  2.108312E+00
 -6.710002E-02	  2.106699E+00
 -6.700002E-02	  2.105088E+00
 -6.690002E-02	  2.103479E+00
 -6.680002E-02	  2.101873E+00
 -6.670002E-02	  2.100268E+00
 -6.660002E-02	  2.098666E+00
 -6.650002E-02	  2.097067E+00
 -6.640002E-02	  2.095469E+00
 -6.630002E-02	  2.093874E+00
 -6.620002E-02	  2.092281E+00
 -6.610002E-02	  2.090691E+00
 -6.600002E-02	  2.089102E+00
 -6.590002E-02	  2.087516E+00
 -6.580002E-02	  2.085933E+00
 -6.570002E-02	  2.084351E+00
 -6.560002E-02	  2.082772E+00
 -6.550002E-02	  2.081195E+00
 -6.540002E-02	  2.079621E+00
 -6.530002E-02	  2.078048E+00
 -6.520002E-02	  2.076478E+00
 -6.510002E-02	  2.074911E+00
 -6.500002E-02	  2.073345E+00
 -6.490002E-02	  2.071782E+00
 -6.480002E-02	  2.070221E+00
 -6.470002E-02	  2.068663E+00
 -6.460002E-02	  2.067106E+00
 -6.450002E-02	  2.065552E+00
 -6.440002E-02	  2.064001E+00
 -6.430002E-02	  2.062451E+00
 -6.420002E-02	  2.060904E+00
 -6.410002E-02	  2.059359E+00
 -6.400002E-02	  2.057817E+00
 -6.390002E-02	  2.056277E+00
 -6.380002E-02	  2.054739E+00
 -6.370002E-02	  2.053203E+00
 -6.360002E-02	  2.051670E+00
 -6.350002E-02	  2.050139E+00
 -6.340002E-02	  2.048610E+00
 -6.330002E-02	  2.047083E+00
 -6.320002E-02	  2.045559E+00
 -6.310002E-02	  2.044037E+00
 -6.300002E-02	  2.042518E+00
 -6.290002E-02	  2.041001E+00
 -6.280002E-02	  2.039486E+00
 -6.270002E-02	  2.037973E+00
 -6.260002E-02	  2.036463E+00
 -6.250002E-02	  2.034954E+00
 -6.240002E-02	  2.033449E+00
 -6.230002E-02	  2.031945E+00
 -6.220002E-02	  2.030444E+00
 -6.210002E-02	  2.028945E+00
 -6.200002E-02	  2.027449E+00
 -6.190002E-02	  2.025954E+00
 -6.180002E-02	  2.024462E+00
 -6.170002E-02	  2.022973E+00
 -6.160002E-02	  2.021485E+00
 -6.150002E-02	  2.020000E+00
 -6.140002E-02	  2.018518E+00
 -6.130002E-02	  2.017037E+00
 -6.120002E-02	  2.015559E+00
 -6.110002E-02	  2.014083E+00
 -6.100002E-02	  2.012610E+00
 -6.090002E-02	  2.011139E+00
 -6.080002E-02	  2.009670E+00
 -6.070002E-02	  2.008203E+00
 -6.060002E-02	  2.006739E+00
 -6.050002E-02	  2.005277E+00
 -6.040002E-02	  2.003817E+00
 -6.030002E-02	  2.002360E+00
 -6.020002E-02	  2.000905E+00
 -6.010002E-02	  1.999452E+00
 -6.000002E-02	  1.998002E+00
 -5.990002E-02	  1.996554E+00
 -5.980002E-02	  1.995108E+00
 -5.970002E-02	  1.993664E+00
 -5.960002E-02	  1.992223E+00
 -5.950002E-02	  1.990784E+00
 -5.940002E-02	  1.989348E+00
 -5.930002E-02	  1.987914E+00
 -5.920002E-02	  1.986482E+00
 -5.910002E-02	  1.985052E+00
 -5.900001E-02	  1.983625E+00
 -5.890001E-02	  1.982200E+00
 -5.880001E-02	  1.980778E+00
 -5.870001E-02	  1.979357E+00
 -5.860001E-02	  1.977939E+00
 -5.850001E-02	  1.976524E+00
 -5.840001E-02	  1.975110E+00
 -5.830001E-02	  1.973699E+00
 -5.820001E-02	  1.972291E+00
 -5.810001E-02	  1.970884E+00
 -5.800001E-02	  1.969480E+00
 -5.790001E-02	  1.968079E+00
 -5.780001E-02	  1.966679E+00
 -5.770001E-02	  1.965282E+00
 -5.760001E-02	  1.963887E+00
 -5.750001E-02	  1.962495E+00
 -5.740001E-02	  1.961105E+00
 -5.730001E-02	  1.959717E+00
 -5.720001E-02	  1.958332E+00
 -5.710001E-02	  1.956949E+00
 -5.700001E-02	  1.955568E+00
 -5.690001E-02	  1.954189E+00
 -5.680001E-02	  1.952813E+00
 -5.670001E-02	  1.951439E+00
 -5.660001E-02	  1.950068E+00
 -5.650001E-02	  1.948699E+00
 -5.640001E-02	  1.947332E+00
 -5.630001E-02	  1.945968E+00
 -5.620001E-02	  1.944606E+00
 -5.610001E-02	  1.943246E+00
 -5.600001E-02	  1.941888E+00
 -5.590001E-02	  1.940533E+00
 -5.580001E-02	  1.939180E+00
 -5.570001E-02	  1.937830E+00
 -5.560001E-02	  1.936482E+00
 -5.550001E-02	  1.935136E+00
 -5.540001E-02	  1.933792E+00
 -5.530001E-02	  1.932451E+00
 -5.520001E-02	  1.931113E+00
 -5.510001E-02	  1.929776E+00
 -5.500001E-02	  1.928442E+00
 -5.490001E-02	  1.927110E+00
 -5.480001E-02	  1.925781E+00
 -5.470001E-02	  1.924454E+00
 -5.460001E-02	  1.923129E+00
 -5.450001E-02	  1.921806E+00
 -5.440001E-02	  1.920486E+00
 -5.430001E-02	  1.919169E+00
 -5.420001E-02	  1.917853E+00
 -5.410001E-02	  1.916540E+00
 -5.400001E-02	  1.915229E+00
 -5.390001E-02	  1.913921E+00
 -5.380001E-02	  1.912615E+00
 -5.370001E-02	  1.911311E+00
 -5.360001E-02	  1.910010E+00
 -5.350001E-02	  1.908711E+00
 -5.340001E-02	  1.907414E+00
 -5.330001E-02	  1.906120E+00
 -5.320001E-02	  1.904828E+00
 -5.310001E-02	  1.903538E+00
 -5.300001E-02	  1.902251E+00
 -5.290001E-02	  1.900966E+00
 -5.280001E-02	  1.899684E+00
 -5.270001E-02	  1.898403E+00
 -5.260001E-02	  1.897125E+00
 -5.250001E-02	  1.895850E+00
 -5.240001E-02	  1.894577E+00
 -5.230001E-02	  1.893306E+00
 -5.220001E-02	  1.892037E+00
 -5.210001E-02	  1.890771E+00
 -5.200001E-02	  1.889507E+00
 -5.190001E-02	  1.888246E+00
 -5.180001E-02	  1.886987E+00
 -5.170001E-02	  1.885730E+00
 -5.160001E-02	  1.884476E+00
 -5.150001E-02	  1.883224E+00
 -5.140001E-02	  1.881974E+00
 -5.130001E-02	  1.880727E+00
 -5.120001E-02	  1.879482E+00
 -5.110001E-02	  1.878239E+00
 -5.100001E-02	  1.876999E+00
 -5.090001E-02	  1.875761E+00
 -5.080001E-02	  1.874525E+00
 -5.070001E-02	  1.873292E+00
 -5.060001E-02	  1.872061E+00
 -5.050001E-02	  1.870833E+00
 -5.040001E-02	  1.869607E+00
 -5.030001E-02	  1.868383E+00
 -5.020001E-02	  1.867162E+00
 -5.010001E-02	  1.865943E+00
 -5.000001E-02	  1.864726E+00
 -4.990001E-02	  1.863512E+00
 -4.980001E-02	  1.862300E+00
 -4.970001E-02	  1.861090E+00
 -4.960001E-02	  1.859883E+00
 -4.950001E-02	  1.858678E+00
 -4.940001E-02	  1.857475E+00
 -4.930001E-02	  1.856275E+00
 -4.920001E-02	  1.855077E+00
 -4.910001E-02	  1.853882E+00
 -4.900001E-02	  1.852689E+00
 -4.890001E-02	  1.851498E+00
 -4.880001E-02	  1.850310E+00
 -4.870001E-02	  1.849124E+00
 -4.860001E-02	  1.847940E+00
 -4.850001E-02	  1.846759E+00
 -4.840001E-02	  1.845580E+00
 -4.830001E-02	  1.844404E+00
 -4.820001E-02	  1.843229E+00
 -4.810001E-02	  1.842058E+00
 -4.800001E-02	  1.840888E+00
 -4.790001E-02	  1.839721E+00
 -4.780001E-02	  1.838557E+00
 -4.770001E-02	  1.837394E+00
 -4.760001E-02	  1.836234E+00
 -4.750001E-02	  1.835077E+00
 -4.740001E-02	  1.833921E+00
 -4.730001E-02	  1.832769E+00
 -4.720001E-02	  1.831618E+00
 -4.710001E-02	  1.830470E+00
 -4.700001E-02	  1.829324E+00
 -4.690001E-02	  1.828181E+00
 -4.680001E-02	  1.827040E+00
 -4.670001E-02	  1.825901E+00
 -4.660001E-02	  1.824765E+00
 -4.650001E-02	  1.823631E+00
 -4.640001E-02	  1.822500E+00
 -4.630001E-02	  1.821371E+00
 -4.620001E-02	  1.820244E+00
 -4.610001E-02	  1.819120E+00
 -4.600001E-02	  1.817998E+00
 -4.590001E-02	  1.816878E+00
 -4.580001E-02	  1.815761E+00
 -4.570001E-02	  1.814646E+00
 -4.560001E-02	  1.813534E+00
 -4.550001E-02	  1.812424E+00
 -4.540001E-02	  1.811316E+00
 -4.530001E-02	  1.810210E+00
 -4.520001E-02	  1.809107E+00
 -4.510001E-02	  1.808007E+00
 -4.500001E-02	  1.806909E+00
 -4.490001E-02	  1.805813E+00
 -4.480001E-02	  1.804719E+00
 -4.470001E-02	  1.803628E+00
 -4.460001E-02	  1.802540E+00
 -4.450001E-02	  1.801453E+00
 -4.440001E-02	  1.800369E+00
 -4.430001E-02	  1.799288E+00
 -4.420001E-02	  1.798209E+00
 -4.410001E-02	  1.797132E+00
 -4.400001E-02	  1.796058E+00
 -4.390001E-02	  1.794986E+00
 -4.380001E-02	  1.793916E+00
 -4.370001E-02	  1.792849E+00
 -4.360001E-02	  1.791784E+00
 -4.350001E-02	  1.790721E+00
 -4.340001E-02	  1.789661E+00
 -4.330001E-02	  1.788604E+00
 -4.320001E-02	  1.787548E+00
 -4.310001E-02	  1.786495E+00
 -4.300001E-02	  1.785445E+00
 -4.290001E-02	  1.784397E+00
 -4.280001E-02	  1.783351E+00
 -4.270001E-02	  1.782308E+00
 -4.260001E-02	  1.781267E+00
 -4.250001E-02	  1.780228E+00
 -4.240001E-02	  1.779192E+00
 -4.230001E-02	  1.778158E+00
 -4.220001E-02	  1.777127E+00
 -4.210001E-02	  1.776098E+00
 -4.200001E-02	  1.775071E+00
 -4.190001E-02	  1.774047E+00
 -4.180001E-02	  1.773025E+00
 -4.170001E-02	  1.772005E+00
 -4.160001E-02	  1.770988E+00
 -4.150001E-02	  1.769974E+00
 -4.140001E-02	  1.768961E+00
 -4.130001E-02	  1.767951E+00
 -4.120001E-02	  1.766944E+00
 -4.110001E-02	  1.765939E+00
 -4.100001E-02	  1.764936E+00
 -4.090001E-02	  1.763936E+00
 -4.080001E-02	  1.762938E+00
 -4.070001E-02	  1.761942E+00
 -4.060001E-02	  1.760949E+00
 -4.050001E-02	  1.759958E+00
 -4.040001E-02	  1.758970E+00
 -4.030001E-02	  1.757984E+00
 -4.020001E-02	  1.757001E+00
 -4.010001E-02	  1.756019E+00
 -4.000001E-02	  1.755041E+00
 -3.990001E-02	  1.754064E+00
 -3.980001E-02	  1.753090E+00
 -3.970001E-02	  1.752119E+00
 -3.960001E-02	  1.751150E+00
 -3.950001E-02	  1.750183E+00
 -3.940001E-02	  1.749218E+00
 -3.930001E-02	  1.748256E+00
 -3.920001E-02	  1.747297E+00
 -3.910001E-02	  1.746340E+00
 -3.900001E-02	  1.745385E+00
 -3.890001E-02	  1.744433E+00
 -3.880001E-02	  1.743483E+00
 -3.870001E-02	  1.742535E+00
 -3.860001E-02	  1.741590E+00
 -3.850001E-02	  1.740647E+00
 -3.840001E-02	  1.739707E+00
 -3.830001E-02	  1.738769E+00
 -3.820001E-02	  1.737833E+00
 -3.810001E-02	  1.736900E+00
 -3.800001E-02	  1.735969E+00
 -3.790001E-02	  1.735041E+00
 -3.780001E-02	  1.734115E+00
 -3.770001E-02	  1.733192E+00
 -3.760001E-02	  1.732271E+00
 -3.750001E-02	  1.731352E+00
 -3.740001E-02	  1.730436E+00
 -3.730001E-02	  1.729522E+00
 -3.720001E-02	  1.728610E+00
 -3.710001E-02	  1.727701E+00
 -3.700001E-02	  1.726794E+00
 -3.690001E-02	  1.725890E+00
 -3.680001E-02	  1.724988E+00
 -3.670001E-02	  1.724089E+00
 -3.660001E-02	  1.723192E+00
 -3.650001E-02	  1.722297E+00
 -3.640001E-02	  1.721405E+00
 -3.630001E-02	  1.720515E+00
 -3.620001E-02	  1.719628E+00
 -3.610001E-02	  1.718743E+00
 -3.600001E-02	  1.717860E+00
 -3.590001E-02	  1.716980E+00
 -3.580001E-02	  1.716102E+00
 -3.570001E-02	  1.715227E+00
 -3.560001E-02	  1.714354E+00
 -3.550001E-02	  1.713483E+00
 -3.540001E-02	  1.712615E+00
 -3.530001E-02	  1.711749E+00
 -3.520001E-02	  1.710886E+00
 -3.510001E-02	  1.710025E+00
 -3.500001E-02	  1.709167E+00
 -3.490001E-02	  1.708311E+00
 -3.480001E-02	  1.707457E+00
 -3.470001E-02	  1.706606E+00
 -3.460001E-02	  1.705757E+00
 -3.450001E-02	  1.704911E+00
 -3.440001E-02	  1.704067E+00
 -3.430001E-02	  1.703225E+00
 -3.420001E-02	  1.702386E+00
 -3.410001E-02	  1.701549E+00
 -3.400001E-02	  1.700715E+00
 -3.390001E-02	  1.699883E+00
 -3.380001E-02	  1.699054E+00
 -3.370001E-02	  1.698227E+00
 -3.360001E-02	  1.697402E+00
 -3.350001E-02	  1.696580E+00
 -3.340001E-02	  1.695760E+00
 -3.330001E-02	  1.694943E+00
 -3.320001E-02	  1.694128E+00
 -3.310001E-02	  1.693315E+00
 -3.300001E-02	  1.692505E+00
 -3.290001E-02	  1.691697E+00
 -3.280001E-02	  1.690892E+00
 -3.270001E-02	  1.690089E+00
 -3.260001E-02	  1.689289E+00
 -3.250001E-02	  1.688491E+00
 -3.240001E-02	  1.687695E+00
 -3.230001E-02	  1.686902E+00
 -3.220001E-02	  1.686111E+00
 -3.210001E-02	  1.685323E+00
 -3.200001E-02	  1.684537E+00
 -3.190001E-02	  1.683753E+00
 -3.180001E-02	  1.682972E+00
 -3.170001E-02	  1.682194E+00
 -3.160001E-02	  1.681417E+00
 -3.150001E-02	  1.680644E+00
 -3.140001E-02	  1.679872E+00
 -3.130001E-02	  1.679103E+00
 -3.120001E-02	  1.678337E+00
 -3.110001E-02	  1.677573E+00
 -3.100001E-02	  1.676811E+00
 -3.090001E-02	  1.676052E+00
 -3.080001E-02	  1.675295E+00
 -3.070001E-02	  1.674540E+00
 -3.060001E-02	  1.673788E+00
 -3.050001E-02	  1.673039E+00
 -3.040001E-02	  1.672292E+00
 -3.030001E-02	  1.671547E+00
 -3.020001E-02	  1.670805E+00
 -3.010001E-02	  1.670065E+00
 -3.000001E-02	  1.669328E+00
 -2.990001E-02	  1.668593E+00
 -2.980001E-02	  1.667860E+00
 -2.970001E-02	  1.667130E+00
 -2.960001E-02	  1.666402E+00
 -2.950001E-02	  1.665677E+00
 -2.940001E-02	  1.664954E+00
 -2.930001E-02	  1.664234E+00
 -2.920001E-02	  1.663516E+00
 -2.910001E-02	  1.662800E+00
 -2.900001E-02	  1.662087E+00
 -2.890001E-02	  1.661376E+00
 -2.880001E-02	  1.660668E+00
 -2.870001E-02	  1.659962E+00
 -2.860001E-02	  1.659259E+00
 -2.850001E-02	  1.658558E+00
 -2.840001E-02	  1.657859E+00
 -2.830001E-02	  1.657163E+00
 -2.820001E-02	  1.656470E+00
 -2.810001E-02	  1.655778E+00
 -2.800001E-02	  1.655090E+00
 -2.790001E-02	  1.654403E+00
 -2.780001E-02	  1.653719E+00
 -2.770001E-02	  1.653038E+00
 -2.760001E-02	  1.652359E+00
 -2.750001E-02	  1.651682E+00
 -2.740001E-02	  1.651008E+00
 -2.730001E-02	  1.650336E+00
 -2.720001E-02	  1.649667E+00
 -2.710001E-02	  1.649000E+00
 -2.700001E-02	  1.648335E+00
 -2.690001E-02	  1.647673E+00
 -2.680001E-02	  1.647014E+00
 -2.670001E-02	  1.646357E+00
 -2.660001E-02	  1.645702E+00
 -2.650001E-02	  1.645050E+00
 -2.640001E-02	  1.644400E+00
 -2.630001E-02	  1.643752E+00
 -2.620001E-02	  1.643107E+00
 -2.610001E-02	  1.642465E+00
 -2.600001E-02	  1.641825E+00
 -2.590001E-02	  1.641187E+00
 -2.580001E-02	  1.640552E+00
 -2.570001E-02	  1.639919E+00
 -2.560001E-02	  1.639289E+00
 -2.550001E-02	  1.638661E+00
 -2.540001E-02	  1.638035E+00
 -2.530001E-02	  1.637412E+00
 -2.520001E-02	  1.636792E+00
 -2.510001E-02	  1.636174E+00
 -2.500001E-02	  1.635558E+00
 -2.490001E-02	  1.634945E+00
 -2.480001E-02	  1.634334E+00
 -2.470001E-02	  1.633725E+00
 -2.460001E-02	  1.633119E+00
 -2.450001E-02	  1.632516E+00
 -2.440001E-02	  1.631915E+00
 -2.430001E-02	  1.631316E+00
 -2.420001E-02	  1.630720E+00
 -2.410001E-02	  1.630126E+00
 -2.400001E-02	  1.629535E+00
 -2.390001E-02	  1.628946E+00
 -2.380001E-02	  1.628360E+00
 -2.370001E-02	  1.627776E+00
 -2.360001E-02	  1.627194E+00
 -2.350001E-02	  1.626615E+00
 -2.340001E-02	  1.626038E+00
 -2.330001E-02	  1.625464E+00
 -2.320001E-02	  1.624892E+00
 -2.310001E-02	  1.624323E+00
 -2.300001E-02	  1.623756E+00
 -2.290001E-02	  1.623192E+00
 -2.280001E-02	  1.622630E+00
 -2.270001E-02	  1.622070E+00
 -2.260001E-02	  1.621513E+00
 -2.250001E-02	  1.620958E+00
 -2.240001E-02	  1.620406E+00
 -2.230001E-02	  1.619857E+00
 -2.220001E-02	  1.619309E+00
 -2.210001E-02	  1.618764E+00
 -2.200001E-02	  1.618222E+00
 -2.190001E-02	  1.617682E+00
 -2.180001E-02	  1.617144E+00
 -2.170001E-02	  1.616609E+00
 -2.160001E-02	  1.616077E+00
 -2.150001E-02	  1.615546E+00
 -2.140001E-02	  1.615019E+00
 -2.130001E-02	  1.614493E+00
 -2.120001E-02	  1.613971E+00
 -2.110001E-02	  1.613450E+00
 -2.100001E-02	  1.612932E+00
 -2.090001E-02	  1.612417E+00
 -2.080001E-02	  1.611904E+00
 -2.070001E-02	  1.611393E+00
 -2.060001E-02	  1.610885E+00
 -2.050001E-02	  1.610379E+00
 -2.040001E-02	  1.609876E+00
 -2.030001E-02	  1.609375E+00
 -2.020001E-02	  1.608877E+00
 -2.010001E-02	  1.608381E+00
 -2.000001E-02	  1.607887E+00
 -1.990001E-02	  1.607396E+00
 -1.980001E-02	  1.606908E+00
 -1.970001E-02	  1.606422E+00
 -1.960000E-02	  1.605938E+00
 -1.950000E-02	  1.605457E+00
 -1.940000E-02	  1.604978E+00
 -1.930000E-02	  1.604502E+00
 -1.920000E-02	  1.604028E+00
 -1.910000E-02	  1.603556E+00
 -1.900000E-02	  1.603087E+00
 -1.890000E-02	  1.602621E+00
 -1.880000E-02	  1.602157E+00
 -1.870000E-02	  1.601695E+00
 -1.860000E-02	  1.601236E+00
 -1.850000E-02	  1.600779E+00
 -1.840000E-02	  1.600325E+00
 -1.830000E-02	  1.599873E+00
 -1.820000E-02	  1.599424E+00
 -1.810000E-02	  1.598977E+00
 -1.800000E-02	  1.598532E+00
 -1.790000E-02	  1.598090E+00
 -1.780000E-02	  1.597651E+00
 -1.770000E-02	  1.597214E+00
 -1.760000E-02	  1.596779E+00
 -1.750000E-02	  1.596347E+00
 -1.740000E-02	  1.595917E+00
 -1.730000E-02	  1.595490E+00
 -1.720000E-02	  1.595065E+00
 -1.710000E-02	  1.594643E+00
 -1.700000E-02	  1.594223E+00
 -1.690000E-02	  1.593805E+00
 -1.680000E-02	  1.593390E+00
 -1.670000E-02	  1.592978E+00
 -1.660000E-02	  1.592568E+00
 -1.650000E-02	  1.592160E+00
 -1.640000E-02	  1.591755E+00
 -1.630000E-02	  1.591352E+00
 -1.620000E-02	  1.590952E+00
 -1.610000E-02	  1.590554E+00
 -1.600000E-02	  1.590159E+00
 -1.590000E-02	  1.589766E+00
 -1.580000E-02	  1.589375E+00
 -1.570000E-02	  1.588987E+00
 -1.560000E-02	  1.588602E+00
 -1.550000E-02	  1.588219E+00
 -1.540000E-02	  1.587838E+00
 -1.530000E-02	  1.587460E+00
 -1.520000E-02	  1.587084E+00
 -1.510000E-02	  1.586711E+00
 -1.500000E-02	  1.586340E+00
 -1.490000E-02	  1.585972E+00
 -1.480000E-02	  1.585606E+00
 -1.470000E-02	  1.585243E+00
 -1.460000E-02	  1.584882E+00
 -1.450000E-02	  1.584523E+00
 -1.440000E-02	  1.584167E+00
 -1.430000E-02	  1.583813E+00
 -1.420000E-02	  1.583462E+00
 -1.410000E-02	  1.583114E+00
 -1.400000E-02	  1.582767E+00
 -1.390000E-02	  1.582424E+00
 -1.380000E-02	  1.582082E+00
 -1.370000E-02	  1.581744E+00
 -1.360000E-02	  1.581407E+00
 -1.350000E-02	  1.581073E+00
 -1.340000E-02	  1.580742E+00
 -1.330000E-02	  1.580413E+00
 -1.320000E-02	  1.580086E+00
 -1.310000E-02	  1.579762E+00
 -1.300000E-02	  1.579441E+00
 -1.290000E-02	  1.579121E+00
 -1.280000E-02	  1.578805E+00
 -1.270000E-02	  1.578490E+00
 -1.260000E-02	  1.578179E+00
 -1.250000E-02	  1.577869E+00
 -1.240000E-02	  1.577562E+00
 -1.230000E-02	  1.577258E+00
 -1.220000E-02	  1.576956E+00
 -1.210000E-02	  1.576657E+00
 -1.200000E-02	  1.576360E+00
 -1.190000E-02	  1.576065E+00
 -1.180000E-02	  1.575773E+00
 -1.170000E-02	  1.575483E+00
 -1.160000E-02	  1.575196E+00
 -1.150000E-02	  1.574911E+00
 -1.140000E-02	  1.574629E+00
 -1.130000E-02	  1.574349E+00
 -1.120000E-02	  1.574072E+00
 -1.110000E-02	  1.573797E+00
 -1.100000E-02	  1.573525E+00
 -1.090000E-02	  1.573255E+00
 -1.080000E-02	  1.572987E+00
 -1.070000E-02	  1.572722E+00
 -1.060000E-02	  1.572460E+00
 -1.050000E-02	  1.572200E+00
 -1.040000E-02	  1.571942E+00
 -1.030000E-02	  1.571687E+00
 -1.020000E-02	  1.571434E+00
 -1.010000E-02	  1.571184E+00
 -1.000000E-02	  1.570936E+00
 -9.900003E-03	  1.570691E+00
 -9.800002E-03	  1.570448E+00
 -9.700002E-03	  1.570207E+00
 -9.600002E-03	  1.569969E+00
 -9.500002E-03	  1.569734E+00
 -9.400002E-03	  1.569501E+00
 -9.300002E-03	  1.569270E+00
 -9.200002E-03	  1.569042E+00
 -9.100002E-03	  1.568817E+00
 -9.000002E-03	  1.568593E+00
 -8.900002E-03	  1.568373E+00
 -8.800002E-03	  1.568155E+00
 -8.700002E-03	  1.567939E+00
 -8.600002E-03	  1.567725E+00
 -8.500002E-03	  1.567515E+00
 -8.400002E-03	  1.567306E+00
 -8.300002E-03	  1.567100E+00
 -8.200002E-03	  1.566897E+00
 -8.100002E-03	  1.566696E+00
 -8.000002E-03	  1.566497E+00
 -7.900002E-03	  1.566301E+00
 -7.800002E-03	  1.566108E+00
 -7.700002E-03	  1.565917E+00
 -7.600002E-03	  1.565728E+00
 -7.500002E-03	  1.565542E+00
 -7.400002E-03	  1.565358E+00
 -7.300002E-03	  1.565177E+00
 -7.200002E-03	  1.564998E+00
 -7.100002E-03	  1.564822E+00
 -7.000002E-03	  1.564648E+00
 -6.900002E-03	  1.564476E+00
 -6.800002E-03	  1.564307E+00
 -6.700002E-03	  1.564141E+00
 -6.600002E-03	  1.563977E+00
 -6.500002E-03	  1.563815E+00
 -6.400002E-03	  1.563656E+00
 -6.300002E-03	  1.563500E+00
 -6.200002E-03	  1.563345E+00
 -6.100002E-03	  1.563194E+00
 -6.000002E-03	  1.563045E+00
 -5.900001E-03	  1.562898E+00
 -5.800001E-03	  1.562753E+00
 -5.700001E-03	  1.562612E+00
 -5.600001E-03	  1.562472E+00
 -5.500001E-03	  1.562335E+00
 -5.400001E-03	  1.562201E+00
 -5.300001E-03	  1.562069E+00
 -5.200001E-03	  1.561939E+00
 -5.100001E-03	  1.561812E+00
 -5.000001E-03	  1.561688E+00
 -4.900001E-03	  1.561566E+00
 -4.800001E-03	  1.561446E+00
 -4.700001E-03	  1.561329E+00
 -4.600001E-03	  1.561214E+00
 -4.500001E-03	  1.561102E+00
 -4.400001E-03	  1.560992E+00
 -4.300001E-03	  1.560885E+00
 -4.200001E-03	  1.560780E+00
 -4.100001E-03	  1.560678E+00
 -4.000001E-03	  1.560578E+00
 -3.900001E-03	  1.560480E+00
 -3.800001E-03	  1.560385E+00
 -3.700001E-03	  1.560293E+00
 -3.600001E-03	  1.560203E+00
 -3.500001E-03	  1.560115E+00
 -3.400001E-03	  1.560030E+00
 -3.300001E-03	  1.559948E+00
 -3.200001E-03	  1.559867E+00
 -3.100001E-03	  1.559790E+00
 -3.000001E-03	  1.559714E+00
 -2.900001E-03	  1.559642E+00
 -2.800001E-03	  1.559571E+00
 -2.700001E-03	  1.559503E+00
 -2.600001E-03	  1.559438E+00
 -2.500001E-03	  1.559375E+00
 -2.400001E-03	  1.559315E+00
 -2.300001E-03	  1.559257E+00
 -2.200001E-03	  1.559201E+00
 -2.100001E-03	  1.559148E+00
 -2.000001E-03	  1.559098E+00
 -1.900000E-03	  1.559050E+00
 -1.800000E-03	  1.559004E+00
 -1.700000E-03	  1.558961E+00
 -1.600000E-03	  1.558920E+00
 -1.500000E-03	  1.558882E+00
 -1.400000E-03	  1.558846E+00
 -1.300000E-03	  1.558813E+00
 -1.200000E-03	  1.558782E+00
 -1.100000E-03	  1.558754E+00
 -1.000000E-03	  1.558728E+00
 -9.000002E-04	  1.558704E+00
 -8.000002E-04	  1.558683E+00
 -7.000002E-04	  1.558665E+00
 -6.000002E-04	  1.558649E+00
 -5.000001E-04	  1.558635E+00
 -4.000001E-04	  1.558624E+00
 -3.000001E-04	  1.558615E+00
 -2.000001E-04	  1.558609E+00
 -1.000000E-04	  1.558605E+00
  0.000000E+00	  1.558604E+00
  1.000000E-04	  1.558605E+00
  2.000001E-04	  1.558609E+00
  3.000001E-04	  1.558615E+00
  4.000001E-04	  1.558624E+00
  5.000001E-04	  1.558635E+00
  6.000002E-04	  1.558649E+00
  7.000002E-04	  1.558665E+00
  8.000002E-04	  1.558683E+00
  9.000002E-04	  1.558704E+00
  1.000000E-03	  1.558728E+00
  1.100000E-03	  1.558754E+00
  1.200000E-03	  1.558782E+00
  1.300000E-03	  1.558813E+00
  1.400000E-03	  1.558846E+00
  1.500000E-03	  1.558882E+00
  1.600000E-03	  1.558920E+00
  1.700000E-03	  1.558961E+00
  1.800000E-03	  1.559004E+00
  1.900000E-03	  1.559050E+00
  2.000001E-03	  1.559098E+00
  2.100001E-03	  1.559148E+00
  2.200001E-03	  1.559201E+00
  2.300001E-03	  1.559257E+00
  2.400001E-03	  1.559315E+00
  2.500001E-03	  1.559375E+00
  2.600001E-03	  1.559438E+00
  2.700001E-03	  1.559503E+00
  2.800001E-03	  1.559571E+00
  2.900001E-03	  1.559642E+00
  3.000001E-03	  1.559714E+00
  3.100001E-03	  1.559790E+00
  3.200001E-03	  1.559867E+00
  3.300001E-03	  1.559948E+00
  3.400001E-03	  1.560030E+00
  3.500001E-03	  1.560115E+00
  3.600001E-03	  1.560203E+00
  3.700001E-03	  1.560293E+00
  3.800001E-03	  1.560385E+00
  3.900001E-03	  1.560480E+00
  4.000001E-03	  1.560578E+00
  4.100001E-03	  1.560678E+00
  4.200001E-03	  1.560780E+00
  4.300001E-03	  1.560885E+00
  4.400001E-03	  1.560992E+00
  4.500001E-03	  1.561102E+00
  4.600001E-03	  1.561214E+00
  4.700001E-03	  1.561329E+00
  4.800001E-03	  1.561446E+00
  4.900001E-03	  1.561566E+00
  5.000001E-03	  1.561688E+00
  5.100001E-03	  1.561812E+00
  5.200001E-03	  1.561939E+00
  5.300001E-03	  1.562069E+00
  5.400001E-03	  1.562201E+00
  5.500001E-03	  1.562335E+00
  5.600001E-03	  1.562472E+00
  5.700001E-03	  1.562612E+00
  5.800001E-03	  1.562753E+00
  5.900001E-03	  1.562898E+00
  6.000002E-03	  1.563045E+00
  6.100002E-03	  1.563194E+00
  6.200002E-03	  1.563345E+00
  6.300002E-03	  1.563500E+00
  6.400002E-03	  1.563656E+00
  6.500002E-03	  1.563815E+00
  6.600002E-03	  1.563977E+00
  6.700002E-03	  1.564141E+00
  6.800002E-03	  1.564307E+00
  6.900002E-03	  1.564476E+00
  7.000002E-03	  1.564648E+00
  7.100002E-03	  1.564822E+00
  7.200002E-03	  1.564998E+00
  7.300002E-03	  1.565177E+00
  7.400002E-03	  1.565358E+00
  7.500002E-03	  1.565542E+00
  7.600002E-03	  1.565728E+00
  7.700002E-03	  1.565917E+00
  7.800002E-03	  1.566108E+00
  7.900002E-03	  1.566301E+00
  8.000002E-03	  1.566497E+00
  8.100002E-03	  1.566696E+00
  8.200002E-03	  1.566897E+00
  8.300002E-03	  1.567100E+00
  8.400002E-03	  1.567306E+00
  8.500002E-03	  1.567515E+00
  8.600002E-03	  1.567725E+00
  8.700002E-03	  1.567939E+00
  8.800002E-03	  1.568155E+00
  8.900002E-03	  1.568373E+00
  9.000002E-03	  1.568593E+00
  9.100002E-03	  1.568817E+00
  9.200002E-03	  1.569042E+00
  9.300002E-03	  1.569270E+00
  9.400002E-03	  1.569501E+00
  9.500002E-03	  1.569734E+00
  9.600002E-03	  1.569969E+00
  9.700002E-03	  1.570207E+00
  9.800002E-03	  1.570448E+00
  9.900003E-03	  1.570691E+00
  1.000000E-02	  1.570936E+00
  1.010000E-02	  1.571184E+00
  1.020000E-02	  1.571434E+00
  1.030000E-02	  1.571687E+00
  1.040000E-02	  1.571942E+00
  1.050000E-02	  1.572200E+00
  1.060000E-02	  1.572460E+00
  1.070000E-02	  1.572722E+00
  1.080000E-02	  1.572987E+00
  1.090000E-02	  1.573255E+00
  1.100000E-02	  1.573525E+00
  1.110000E-02	  1.573797E+00
  1.120000E-02	  1.574072E+00
  1.130000E-02	  1.574349E+00
  1.140000E-02	  1.574629E+00
  1.150000E-02	  1.574911E+00
  1.160000E-02	  1.575196E+00
  1.170000E-02	  1.575483E+00
  1.180000E-02	  1.575773E+00
  1.190000E-02	  1.576065E+00
  1.200000E-02	  1.576360E+00
  1.210000E-02	  1.576657E+00
  1.220000E-02	  1.576956E+00
  1.230000E-02	  1.577258E+00
  1.240000E-02	  1.577562E+00
  1.250000E-02	  1.577869E+00
  1.260000E-02	  1.578179E+00
  1.270000E-02	  1.578490E+00
  1.280000E-02	  1.578805E+00
  1.290000E-02	  1.579121E+00
  1.300000E-02	  1.579441E+00
  1.310000E-02	  1.579762E+00
  1.320000E-02	  1.580086E+00
  1.330000E-02	  1.580413E+00
  1.340000E-02	  1.580742E+00
  1.350000E-02	  1.581073E+00
  1.360000E-02	  1.581407E+00
  1.370000E-02	  1.581744E+00
  1.380000E-02	  1.582082E+00
  1.390000E-02	  1.582424E+00
  1.400000E-02	  1.582767E+00
  1.410000E-02	  1.583114E+00
  1.420000E-02	  1.583462E+00
  1.430000E-02	  1.583813E+00
  1.440000E-02	  1.584167E+00
  1.450000E-02	  1.584523E+00
  1.460000E-02	  1.584882E+00
  1.470000E-02	  1.585243E+00
  1.480000E-02	  1.585606E+00
  1.490000E-02	  1.585972E+00
  1.500000E-02	  1.586340E+00
  1.510000E-02	  1.586711E+00
  1.520000E-02	  1.587084E+00
  1.530000E-02	  1.587460E+00
  1.540000E-02	  1.587838E+00
  1.550000E-02	  1.588219E+00
  1.560000E-02	  1.588602E+00
  1.570000E-02	  1.588987E+00
  1.580000E-02	  1.589375E+00
  1.590000E-02	  1.589766E+00
  1.600000E-02	  1.590159E+00
  1.610000E-02	  1.590554E+00
  1.620000E-02	  1.590952E+00
  1.630000E-02	  1.591352E+00
  1.640000E-02	  1.591755E+00
  1.650000E-02	  1.592160E+00
  1.660000E-02	  1.592568E+00
  1.670000E-02	  1.592978E+00
  1.680000E-02	  1.593390E+00
  1.690000E-02	  1.593805E+00
  1.700000E-02	  1.594223E+00
  1.710000E-02	  1.594643E+00
  1.720000E-02	  1.595065E+00
  1.730000E-02	  1.595490E+00
  1.740000E-02	  1.595917E+00
  1.750000E-02	  1.596347E+00
  1.760000E-02	  1.596779E+00
  1.770000E-02	  1.597214E+00
  1.780000E-02	  1.597651E+00
  1.790000E-02	  1.598090E+00
  1.800000E-02	  1.598532E+00
  1.810000E-02	  1.598977E+00
  1.820000E-02	  1.599424E+00
  1.830000E-02	  1.599873E+00
  1.840000E-02	  1.600325E+00
  1.850000E-02	  1.600779E+00
  1.860000E-02	  1.601236E+00
  1.870000E-02	  1.601695E+00
  1.880000E-02	  1.602157E+00
  1.890000E-02	  1.602621E+00
  1.900000E-02	  1.603087E+00
  1.910000E-02	  1.603556E+00
  1.920000E-02	  1.604028E+00
  1.930000E-02	  1.604502E+00
  1.940000E-02	  1.604978E+00
  1.950000E-02	  1.605457E+00
  1.960000E-02	  1.605938E+00
  1.970001E-02	  1.606422E+00
  1.980001E-02	  1.606908E+00
  1.990001E-02	  1.607396E+00
  2.000001E-02	  1.607887E+00
  2.010001E-02	  1.608381E+00
  2.020001E-02	  1.608877E+00
  2.030001E-02	  1.609375E+00
  2.040001E-02	  1.609876E+00
  2.050001E-02	  1.610379E+00
  2.060001E-02	  1.610885E+00
  2.070001E-02	  1.611393E+00
  2.080001E-02	  1.611904E+00
  2.090001E-02	  1.612417E+00
  2.100001E-02	  1.612932E+00
  2.110001E-02	  1.613450E+00
  2.120001E-02	  1.613971E+00
  2.130001E-02	  1.614493E+00
  2.140001E-02	  1.615019E+00
  2.150001E-02	  1.615546E+00
  2.160001E-02	  1.616077E+00
  2.170001E-02	  1.616609E+00
  2.180001E-02	  1.617144E+00
  2.190001E-02	  1.617682E+00
  2.200001E-02	  1.618222E+00
  2.210001E-02	  1.618764E+00
  2.220001E-02	  1.619309E+00
  2.230001E-02	  1.619857E+00
  2.240001E-02	  1.620406E+00
  2.250001E-02	  1.620958E+00
  2.260001E-02	  1.621513E+00
  2.270001E-02	  1.622070E+00
  2.280001E-02	  1.622630E+00
  2.290001E-02	  1.623192E+00
  2.300001E-02	  1.623756E+00
  2.310001E-02	  1.624323E+00
  2.320001E-02	  1.624892E+00
  2.330001E-02	  1.625464E+00
  2.340001E-02	  1.626038E+00
  2.350001E-02	  1.626615E+00
  2.360001E-02	  1.627194E+00
  2.370001E-02	  1.627776E+00
  2.380001E-02	  1.628360E+00
  2.390001E-02	  1.628946E+00
  2.400001E-02	  1.629535E+00
  2.410001E-02	  1.630126E+00
  2.420001E-02	  1.630720E+00
  2.430001E-02	  1.631316E+00
  2.440001E-02	  1.631915E+00
  2.450001E-02	  1.632516E+00
  2.460001E-02	  1.633119E+00
  2.470001E-02	  1.633725E+00
  2.480001E-02	  1.634334E+00
  2.490001E-02	  1.634945E+00
  2.500001E-02	  1.635558E+00
  2.510001E-02	  1.636174E+00
  2.520001E-02	  1.636792E+00
  2.530001E-02	  1.637412E+00
  2.540001E-02	  1.638035E+00
  2.550001E-02	  1.638661E+00
  2.560001E-02	  1.639289E+00
  2.570001E-02	  1.639919E+00
  2.580001E-02	  1.640552E+00
  2.590001E-02	  1.641187E+00
  2.600001E-02	  1.641825E+00
  2.610001E-02	  1.642465E+00
  2.620001E-02	  1.643107E+00
  2.630001E-02	  1.643752E+00
  2.640001E-02	  1.644400E+00
  2.650001E-02	  1.645050E+00
  2.660001E-02	  1.645702E+00
  2.670001E-02	  1.646357E+00
  2.680001E-02	  1.647014E+00
  2.690001E-02	  1.647673E+00
  2.700001E-02	  1.648335E+00
  2.710001E-02	  1.649000E+00
  2.720001E-02	  1.649667E+00
  2.730001E-02	  1.650336E+00
  2.740001E-02	  1.651008E+00
  2.750001E-02	  1.651682E+00
  2.760001E-02	  1.652359E+00
  2.770001E-02	  1.653038E+00
  2.780001E-02	  1.653719E+00
  2.790001E-02	  1.654403E+00
  2.800001E-02	  1.655090E+00
  2.810001E-02	  1.655778E+00
  2.820001E-02	  1.656470E+00
  2.830001E-02	  1.657163E+00
  2.840001E-02	  1.657859E+00
  2.850001E-02	  1.658558E+00
  2.860001E-02	  1.659259E+00
  2.870001E-02	  1.659962E+00
  2.880001E-02	  1.660668E+00
  2.890001E-02	  1.661376E+00
  2.900001E-02	  1.662087E+00
  2.910001E-02	  1.662800E+00
  2.920001E-02	  1.663516E+00
  2.930001E-02	  1.664234E+00
  2.940001E-02	  1.664954E+00
  2.950001E-02	  1.665677E+00
  2.960001E-02	  1.666402E+00
  2.970001E-02	  1.667130E+00
  2.980001E-02	  1.667860E+00
  2.990001E-02	  1.668593E+00
  3.000001E-02	  1.669328E+00
  3.010001E-02	  1.670065E+00
  3.020001E-02	  1.670805E+00
  3.030001E-02	  1.671547E+00
  3.040001E-02	  1.672292E+00
  3.050001E-02	  1.673039E+00
  3.060001E-02	  1.673788E+00
  3.070001E-02	  1.674540E+00
  3.080001E-02	  1.675295E+00
  3.090001E-02	  1.676052E+00
  3.100001E-02	  1.676811E+00
  3.110001E-02	  1.677573E+00
  3.120001E-02	  1.678337E+00
  3.130001E-02	  1.679103E+00
  3.140001E-02	  1.679872E+00
  3.150001E-02	  1.680644E+00
  3.160001E-02	  1.681417E+00
  3.170001E-02	  1.682194E+00
  3.180001E-02	  1.682972E+00
  3.190001E-02	  1.683753E+00
  3.200001E-02	  1.684537E+00
  3.210001E-02	  1.685323E+00
  3.220001E-02	  1.686111E+00
  3.230001E-02	  1.686902E+00
  3.240001E-02	  1.687695E+00
  3.250001E-02	  1.688491E+00
  3.260001E-02	  1.689289E+00
  3.270001E-02	  1.690089E+00
  3.280001E-02	  1.690892E+00
  3.290001E-02	  1.691697E+00
  3.300001E-02	  1.692505E+00
  3.310001E-02	  1.693315E+00
  3.320001E-02	  1.694128E+00
  3.330001E-02	  1.694943E+00
  3.340001E-02	  1.695760E+00
  3.350001E-02	  1.696580E+00
  3.360001E-02	  1.697402E+00
  3.370001E-02	  1.698227E+00
  3.380001E-02	  1.699054E+00
  3.390001E-02	  1.699883E+00
  3.400001E-02	  1.700715E+00
  3.410001E-02	  1.701549E+00
  3.420001E-02	  1.702386E+00
  3.430001E-02	  1.703225E+00
  3.440001E-02	  1.704067E+00
  3.450001E-02	  1.704911E+00
  3.460001E-02	  1.705757E+00
  3.470001E-02	  1.706606E+00
  3.480001E-02	  1.707457E+00
  3.490001E-02	  1.708311E+00
  3.500001E-02	  1.709167E+00
  3.510001E-02	  1.710025E+00
  3.520001E-02	  1.710886E+00
  3.530001E-02	  1.711749E+00
  3.540001E-02	  1.712615E+00
  3.550001E-02	  1.713483E+00
  3.560001E-02	  1.714354E+00
  3.570001E-02	  1.715227E+00
  3.580001E-02	  1.716102E+00
  3.590001E-02	  1.716980E+00
  3.600001E-02	  1.717860E+00
  3.610001E-02	  1.718743E+00
  3.620001E-02	  1.719628E+00
  3.630001E-02	  1.720515E+00
  3.640001E-02	  1.721405E+00
  3.650001E-02	  1.722297E+00
  3.660001E-02	  1.723192E+00
  3.670001E-02	  1.724089E+00
  3.680001E-02	  1.724988E+00
  3.690001E-02	  1.725890E+00
  3.700001E-02	  1.726794E+00
  3.710001E-02	  1.727701E+00
  3.720001E-02	  1.728610E+00
  3.730001E-02	  1.729522E+00
  3.740001E-02	  1.730436E+00
  3.750001E-02	  1.731352E+00
  3.760001E-02	  1.732271E+00
  3.770001E-02	  1.733192E+00
  3.780001E-02	  1.734115E+00
  3.790001E-02	  1.735041E+00
  3.800001E-02	  1.735969E+00
  3.810001E-02	  1.736900E+00
  3.820001E-02	  1.737833E+00
  3.830001E-02	  1.738769E+00
  3.840001E-02	  1.739707E+00
  3.850001E-02	  1.740647E+00
  3.860001E-02	  1.741590E+00
  3.870001E-02	  1.742535E+00
  3.880001E-02	  1.743483E+00
  3.890001E-02	  1.744433E+00
  3.900001E-02	  1.745385E+00
  3.910001E-02	  1.746340E+00
  3.920001E-02	  1.747297E+00
  3.930001E-02	  1.748256E+00
  3.940001E-02	  1.749218E+00
  3.950001E-02	  1.750183E+00
  3.960001E-02	  1.751150E+00
  3.970001E-02	  1.752119E+00
  3.980001E-02	  1.753090E+00
  3.990001E-02	  1.754064E+00
  4.000001E-02	  1.755041E+00
  4.010001E-02	  1.756019E+00
  4.020001E-02	  1.757001E+00
  4.030001E-02	  1.757984E+00
  4.040001E-02	  1.758970E+00
  4.050001E-02	  1.759958E+00
  4.060001E-02	  1.760949E+00
  4.070001E-02	  1.761942E+00
  4.080001E-02	  1.762938E+00
  4.090001E-02	  1.763936E+00
  4.100001E-02	  1.764936E+00
  4.110001E-02	  1.765939E+00
  4.120001E-02	  1.766944E+00
  4.130001E-02	  1.767951E+00
  4.140001E-02	  1.768961E+00
  4.150001E-02	  1.769974E+00
  4.160001E-02	  1.770988E+00
  4.170001E-02	  1.772005E+00
  4.180001E-02	  1.773025E+00
  4.190001E-02	  1.774047E+00
  4.200001E-02	  1.775071E+00
  4.210001E-02	  1.776098E+00
  4.220001E-02	  1.777127E+00
  4.230001E-02	  1.778158E+00
  4.240001E-02	  1.779192E+00
  4.250001E-02	  1.780228E+00
  4.260001E-02	  1.781267E+00
  4.270001E-02	  1.782308E+00
  4.280001E-02	  1.783351E+00
  4.290001E-02	  1.784397E+00
  4.300001E-02	  1.785445E+00
  4.310001E-02	  1.786495E+00
  4.320001E-02	  1.787548E+00
  4.330001E-02	  1.788604E+00
  4.340001E-02	  1.789661E+00
  4.350001E-02	  1.790721E+00
  4.360001E-02	  1.791784E+00
  4.370001E-02	  1.792849E+00
  4.380001E-02	  1.793916E+00
  4.390001E-02	  1.794986E+00
  4.400001E-02	  1.796058E+00
  4.410001E-02	  1.797132E+00
  4.420001E-02	  1.798209E+00
  4.430001E-02	  1.799288E+00
  4.440001E-02	  1.800369E+00
  4.450001E-02	  1.801453E+00
  4.460001E-02	  1.802540E+00
  4.470001E-02	  1.803628E+00
  4.480001E-02	  1.804719E+00
  4.490001E-02	  1.805813E+00
  4.500001E-02	  1.806909E+00
  4.510001E-02	  1.808007E+00
  4.520001E-02	  1.809107E+00
  4.530001E-02	  1.810210E+00
  4.540001E-02	  1.811316E+00
  4.550001E-02	  1.812424E+00
  4.560001E-02	  1.813534E+00
  4.570001E-02	  1.814646E+00
  4.580001E-02	  1.815761E+00
  4.590001E-02	  1.816878E+00
  4.600001E-02	  1.817998E+00
  4.610001E-02	  1.819120E+00
  4.620001E-02	  1.820244E+00
  4.630001E-02	  1.821371E+00
  4.640001E-02	  1.822500E+00
  4.650001E-02	  1.823631E+00
  4.660001E-02	  1.824765E+00
  4.670001E-02	  1.825901E+00
  4.680001E-02	  1.827040E+00
  4.690001E-02	  1.828181E+00
  4.700001E-02	  1.829324E+00
  4.710001E-02	  1.830470E+00
  4.720001E-02	  1.831618E+00
  4.730001E-02	  1.832769E+00
  4.740001E-02	  1.833921E+00
  4.750001E-02	  1.835077E+00
  4.760001E-02	  1.836234E+00
  4.770001E-02	  1.837394E+00
  4.780001E-02	  1.838557E+00
  4.790001E-02	  1.839721E+00
  4.800001E-02	  1.840888E+00
  4.810001E-02	  1.842058E+00
  4.820001E-02	  1.843229E+00
  4.830001E-02	  1.844404E+00
  4.840001E-02	  1.845580E+00
  4.850001E-02	  1.846759E+00
  4.860001E-02	  1.847940E+00
  4.870001E-02	  1.849124E+00
  4.880001E-02	  1.850310E+00
  4.890001E-02	  1.851498E+00
  4.900001E-02	  1.852689E+00
  4.910001E-02	  1.853882E+00
  4.920001E-02	  1.855077E+00
  4.930001E-02	  1.856275E+00
  4.940001E-02	  1.857475E+00
  4.950001E-02	  1.858678E+00
  4.960001E-02	  1.859883E+00
  4.970001E-02	  1.861090E+00
  4.980001E-02	  1.862300E+00
  4.990001E-02	  1.863512E+00
  5.000001E-02	  1.864726E+00
  5.010001E-02	  1.865943E+00
  5.020001E-02	  1.867162E+00
  5.030001E-02	  1.868383E+00
  5.040001E-02	  1.869607E+00
  5.050001E-02	  1.870833E+00
  5.060001E-02	  1.872061E+00
  5.070001E-02	  1.873292E+00
  5.080001E-02	  1.874525E+00
  5.090001E-02	  1.875761E+00
  5.100001E-02	  1.876999E+00
  5.110001E-02	  1.878239E+00
  5.120001E-02	  1.879482E+00
  5.130001E-02	  1.880727E+00
  5.140001E-02	  1.881974E+00
  5.150001E-02	  1.883224E+00
  5.160001E-02	  1.884476E+00
  5.170001E-02	  1.885730E+00
  5.180001E-02	  1.886987E+00
  5.190001E-02	  1.888246E+00
  5.200001E-02	  1.889507E+00
  5.210001E-02	  1.890771E+00
  5.220001E-02	  1.892037E+00
  5.230001E-02	  1.893306E+00
  5.240001E-02	  1.894577E+00
  5.250001E-02	  1.895850E+00
  5.260001E-02	  1.897125E+00
  5.270001E-02	  1.898403E+00
  5.280001E-02	  1.899684E+00
  5.290001E-02	  1.900966E+00
  5.300001E-02	  1.902251E+00
  5.310001E-02	  1.903538E+00
  5.320001E-02	  1.904828E+00
  5.330001E-02	  1.906120E+00
  5.340001E-02	  1.907414E+00
  5.350001E-02	  1.908711E+00
  5.360001E-02	  1.910010E+00
  5.370001E-02	  1.911311E+00
  5.380001E-02	  1.912615E+00
  5.390001E-02	  1.913921E+00
  5.400001E-02	  1.915229E+00
  5.410001E-02	  1.916540E+00
  5.420001E-02	  1.917853E+00
  5.430001E-02	  1.919169E+00
  5.440001E-02	  1.920486E+00
  5.450001E-02	  1.921806E+00
  5.460001E-02	  1.923129E+00
  5.470001E-02	  1.924454E+00
  5.480001E-02	  1.925781E+00
  5.490001E-02	  1.927110E+00
  5.500001E-02	  1.928442E+00
  5.510001E-02	  1.929776E+00
  5.520001E-02	  1.931113E+00
  5.530001E-02	  1.932451E+00
  5.540001E-02	  1.933792E+00
  5.550001E-02	  1.935136E+00
  5.560001E-02	  1.936482E+00
  5.570001E-02	  1.937830E+00
  5.580001E-02	  1.939180E+00
  5.590001E-02	  1.940533E+00
  5.600001E-02	  1.941888E+00
  5.610001E-02	  1.943246E+00
  5.620001E-02	  1.944606E+00
  5.630001E-02	  1.945968E+00
  5.640001E-02	  1.947332E+00
  5.650001E-02	  1.948699E+00
  5.660001E-02	  1.950068E+00
  5.670001E-02	  1.951439E+00
  5.680001E-02	  1.952813E+00
  5.690001E-02	  1.954189E+00
  5.700001E-02	  1.955568E+00
  5.710001E-02	  1.956949E+00
  5.720001E-02	  1.958332E+00
  5.730001E-02	  1.959717E+00
  5.740001E-02	  1.961105E+00
  5.750001E-02	  1.962495E+00
  5.760001E-02	  1.963887E+00
  5.770001E-02	  1.965282E+00
  5.780001E-02	  1.966679E+00
  5.790001E-02	  1.968079E+00
  5.800001E-02	  1.969480E+00
  5.810001E-02	  1.970884E+00
  5.820001E-02	  1.972291E+00
  5.830001E-02	  1.973699E+00
  5.840001E-02	  1.975110E+00
  5.850001E-02	  1.976524E+00
  5.860001E-02	  1.977939E+00
  5.870001E-02	  1.979357E+00
  5.880001E-02	  1.980778E+00
  5.890001E-02	  1.982200E+00
  5.900001E-02	  1.983625E+00
  5.910002E-02	  1.985052E+00
  5.920002E-02	  1.986482E+00
  5.930002E-02	  1.987914E+00
  5.940002E-02	  1.989348E+00
  5.950002E-02	  1.990784E+00
  5.960002E-02	  1.992223E+00
  5.970002E-02	  1.993664E+00
  5.980002E-02	  1.995108E+00
  5.990002E-02	  1.996554E+00
  6.000002E-02	  1.998002E+00
  6.010002E-02	  1.999452E+00
  6.020002E-02	  2.000905E+00
  6.030002E-02	  2.002360E+00
  6.040002E-02	  2.003817E+00
  6.050002E-02	  2.005277E+00
  6.060002E-02	  2.006739E+00
  6.070002E-02	  2.008203E+00
  6.080002E-02	  2.009670E+00
  6.090002E-02	  2.011139E+00
  6.100002E-02	  2.012610E+00
  6.110002E-02	  2.014083E+00
  6.120002E-02	  2.015559E+00
  6.130002E-02	  2.017037E+00
  6.140002E-02	  2.018518E+00
  6.150002E-02	  2.020000E+00
  6.160002E-02	  2.021485E+00
  6.170002E-02	  2.022973E+00
  6.180002E-02	  2.024462E+00
  6.190002E-02	  2.025954E+00
  6.200002E-02	  2.027449E+00
  6.210002E-02	  2.028945E+00
  6.220002E-02	  2.030444E+00
  6.230002E-02	  2.031945E+00
  6.240002E-02	  2.033449E+00
  6.250002E-02	  2.034954E+00
  6.260002E-02	  2.036463E+00
  6.270002E-02	  2.037973E+00
  6.280002E-02	  2.039486E+00
  6.290002E-02	  2.041001E+00
  6.300002E-02	  2.042518E+00
  6.310002E-02	  2.044037E+00
  6.320002E-02	  2.045559E+00
  6.330002E-02	  2.047083E+00
  6.340002E-02	  2.048610E+00
  6.350002E-02	  2.050139E+00
  6.360002E-02	  2.051670E+00
  6.370002E-02	  2.053203E+00
  6.380002E-02	  2.054739E+00
  6.390002E-02	  2.056277E+00
  6.400002E-02	  2.057817E+00
  6.410002E-02	  2.059359E+00
  6.420002E-02	  2.060904E+00
  6.430002E-02	  2.062451E+00
  6.440002E-02	  2.064001E+00
  6.450002E-02	  2.065552E+00
  6.460002E-02	  2.067106E+00
  6.470002E-02	  2.068663E+00
  6.480002E-02	  2.070221E+00
  6.490002E-02	  2.071782E+00
  6.500002E-02	  2.073345E+00
  6.510002E-02	  2.074911E+00
  6.520002E-02	  2.076478E+00
  6.530002E-02	  2.078048E+00
  6.540002E-02	  2.079621E+00
  6.550002E-02	  2.081195E+00
  6.560002E-02	  2.082772E+00
  6.570002E-02	  2.084351E+00
  6.580002E-02	  2.085933E+00
  6.590002E-02	  2.087516E+00
  6.600002E-02	  2.089102E+00
  6.610002E-02	  2.090691E+00
  6.620002E-02	  2.092281E+00
  6.630002E-02	  2.093874E+00
  6.640002E-02	  2.095469E+00
  6.650002E-02	  2.097067E+00
  6.660002E-02	  2.098666E+00
  6.670002E-02	  2.100268E+00
  6.680002E-02	  2.101873E+00
  6.690002E-02	  2.103479E+00
  6.700002E-02	  2.105088E+00
  6.710002E-02	  2.106699E+00
  6.720002E-02	  2.108312E+00
  6.730002E-02	  2.109928E+00
  6.740002E-02	  2.111546E+00
  6.750002E-02	  2.113166E+00
  6.760002E-02	  2.114789E+00
  6.770002E-02	  2.116413E+00
  6.780002E-02	  2.118040E+00
  6.790002E-02	  2.119670E+00
  6.800002E-02	  2.121301E+00
  6.810002E-02	  2.122935E+00
  6.820002E-02	  2.124571E+00
  6.830002E-02	  2.126209E+00
  6.840002E-02	  2.127850E+00
  6.850002E-02	  2.129493E+00
  6.860002E-02	  2.131138E+00
  6.870002E-02	  2.132785E+00
  6.880002E-02	  2.134435E+00
  6.890002E-02	  2.136087E+00
  6.900002E-02	  2.137741E+00
  6.910002E-02	  2.139398E+00
  6.920002E-02	  2.141057E+00
  6.930002E-02	  2.142718E+00
  6.940002E-02	  2.144381E+00
  6.950002E-02	  2.146046E+00
  6.960002E-02	  2.147714E+00
  6.970002E-02	  2.149384E+00
  6.980002E-02	  2.151057E+00
  6.990002E-02	  2.152731E+00
  7.000002E-02	  2.154408E+00
  7.010002E-02	  2.156087E+00
  7.020002E-02	  2.157769E+00
  7.030002E-02	  2.159452E+00
  7.040002E-02	  2.161138E+00
  7.050002E-02	  2.162826E+00
  7.060002E-02	  2.164517E+00
  7.070002E-02	  2.166210E+00
  7.080002E-02	  2.167904E+00
  7.090002E-02	  2.169602E+00
  7.100002E-02	  2.171301E+00
  7.110002E-02	  2.173003E+00
  7.120002E-02	  2.174707E+00
  7.130002E-02	  2.176413E+00
  7.140002E-02	  2.178121E+00
  7.150002E-02	  2.179832E+00
  7.160002E-02	  2.181545E+00
  7.170002E-02	  2.183260E+00
  7.180002E-02	  2.184978E+00
  7.190002E-02	  2.186697E+00
  7.200002E-02	  2.188419E+00
  7.210002E-02	  2.190144E+00
  7.220002E-02	  2.191870E+00
  7.230002E-02	  2.193599E+00
  7.240002E-02	  2.195330E+00
  7.250002E-02	  2.197063E+00
  7.260002E-02	  2.198798E+00
  7.270002E-02	  2.200536E+00
  7.280002E-02	  2.202276E+00
  7.290002E-02	  2.204018E+00
  7.300002E-02	  2.205763E+00
  7.310002E-02	  2.207509E+00
  7.320002E-02	  2.209258E+00
  7.330002E-02	  2.211009E+00
  7.340002E-02	  2.212763E+00
  7.350002E-02	  2.214518E+00
  7.360002E-02	  2.216276E+00
  7.370002E-02	  2.218036E+00
  7.380002E-02	  2.219799E+00
  7.390002E-02	  2.221563E+00
  7.400002E-02	  2.223330E+00
  7.410002E-02	  2.225099E+00
  7.420002E-02	  2.226871E+00
  7.430002E-02	  2.228644E+00
  7.440002E-02	  2.230420E+00
  7.450002E-02	  2.232198E+00
  7.460002E-02	  2.233978E+00
  7.470002E-02	  2.235761E+00
  7.480002E-02	  2.237545E+00
  7.490002E-02	  2.239332E+00
  7.500002E-02	  2.241121E+00
  7.510002E-02	  2.242913E+00
  7.520002E-02	  2.244706E+00
  7.530002E-02	  2.246502E+00
  7.540002E-02	  2.248300E+00
  7.550002E-02	  2.250101E+00
  7.560002E-02	  2.251903E+00
  7.570002E-02	  2.253708E+00
  7.580002E-02	  2.255515E+00
  7.590002E-02	  2.257324E+00
  7.600002E-02	  2.259136E+00
  7.610002E-02	  2.260949E+00
  7.620002E-02	  2.262765E+00
  7.630002E-02	  2.264583E+00
  7.640002E-02	  2.266404E+00
  7.650002E-02	  2.268226E+00
  7.660002E-02	  2.270051E+00
  7.670002E-02	  2.271878E+00
  7.680002E-02	  2.273707E+00
  7.690002E-02	  2.275539E+00
  7.700002E-02	  2.277372E+00
  7.710002E-02	  2.279208E+00
  7.720002E-02	  2.281046E+00
  7.730002E-02	  2.282887E+00
  7.740002E-02	  2.284729E+00
  7.750002E-02	  2.286574E+00
  7.760002E-02	  2.288421E+00
  7.770002E-02	  2.290270E+00
  7.780002E-02	  2.292122E+00
  7.790002E-02	  2.293975E+00
  7.800002E-02	  2.295831E+00
  7.810002E-02	  2.297689E+00
  7.820002E-02	  2.299549E+00
  7.830002E-02	  2.301412E+00
  7.840002E-02	  2.303276E+00
  7.850002E-02	  2.305143E+00
  7.860002E-02	  2.307012E+00
  7.870002E-02	  2.308884E+00
  7.880002E-02	  2.310757E+00
  7.890002E-02	  2.312633E+00
  7.900002E-02	  2.314511E+00
  7.910002E-02	  2.316391E+00
  7.920002E-02	  2.318273E+00
  7.930002E-02	  2.320158E+00
  7.940002E-02	  2.322045E+00
  7.950002E-02	  2.323934E+00
  7.960002E-02	  2.325825E+00
  7.970002E-02	  2.327718E+00
  7.980002E-02	  2.329614E+00
  7.990002E-02	  2.331511E+00
  8.000002E-02	  2.333411E+00
  8.010002E-02	  2.335314E+00
  8.020002E-02	  2.337218E+00
  8.030002E-02	  2.339124E+00
  8.040002E-02	  2.341033E+00
  8.050002E-02	  2.342944E+00
  8.060002E-02	  2.344857E+00
  8.070002E-02	  2.346773E+00
  8.080002E-02	  2.348690E+00
  8.090002E-02	  2.350610E+00
  8.100002E-02	  2.352532E+00
  8.110002E-02	  2.354456E+00
  8.120002E-02	  2.356382E+00
  8.130002E-02	  2.358311E+00
  8.140002E-02	  2.360241E+00
  8.150002E-02	  2.362174E+00
  8.160002E-02	  2.364109E+00
  8.170002E-02	  2.366047E+00
  8.180002E-02	  2.367986E+00
  8.190002E-02	  2.369928E+00
  8.200002E-02	  2.371872E+00
  8.210002E-02	  2.373818E+00
  8.220002E-02	  2.375766E+00
  8.230002E-02	  2.377716E+00
  8.240002E-02	  2.379669E+00
  8.250002E-02	  2.381624E+00
  8.260002E-02	  2.383581E+00
  8.270002E-02	  2.385540E+00
  8.280002E-02	  2.387501E+00
  8.290002E-02	  2.389465E+00
  8.300002E-02	  2.391430E+00
  8.310002E-02	  2.393398E+00
  8.320002E-02	  2.395368E+00
  8.330002E-02	  2.397340E+00
  8.340002E-02	  2.399315E+00
  8.350002E-02	  2.401291E+00
  8.360002E-02	  2.403270E+00
  8.370002E-02	  2.405251E+00
  8.380002E-02	  2.407234E+00
  8.390002E-02	  2.409219E+00
  8.400002E-02	  2.411207E+00
  8.410002E-02	  2.413196E+00
  8.420002E-02	  2.415188E+00
  8.430002E-02	  2.417182E+00
  8.440002E-02	  2.419178E+00
  8.450002E-02	  2.421177E+00
  8.460002E-02	  2.423177E+00
  8.470002E-02	  2.425180E+00
  8.480002E-02	  2.427185E+00
  8.490002E-02	  2.429192E+00
  8.500002E-02	  2.431201E+00
  8.510002E-02	  2.433212E+00
  8.520002E-02	  2.435225E+00
  8.530002E-02	  2.437241E+00
  8.540002E-02	  2.439259E+00
  8.550002E-02	  2.441279E+00
  8.560002E-02	  2.443301E+00
  8.570002E-02	  2.445325E+00
  8.580002E-02	  2.447352E+00
  8.590002E-02	  2.449381E+00
  8.600002E-02	  2.451411E+00
  8.610002E-02	  2.453444E+00
  8.620002E-02	  2.455479E+00
  8.630002E-02	  2.457517E+00
  8.640002E-02	  2.459556E+00
  8.650002E-02	  2.461598E+00
  8.660002E-02	  2.463641E+00
  8.670002E-02	  2.465687E+00
  8.680002E-02	  2.467735E+00
  8.690002E-02	  2.469786E+00
  8.700002E-02	  2.471838E+00
  8.710002E-02	  2.473893E+00
  8.720002E-02	  2.475949E+00
  8.730002E-02	  2.478008E+00
  8.740002E-02	  2.480069E+00
  8.750002E-02	  2.482132E+00
  8.760002E-02	  2.484197E+00
  8.770002E-02	  2.486265E+00
  8.780002E-02	  2.488334E+00
  8.790002E-02	  2.490406E+00
  8.800002E-02	  2.492480E+00
  8.810002E-02	  2.494556E+00
  8.820002E-02	  2.496634E+00
  8.830002E-02	  2.498715E+00
  8.840002E-02	  2.500797E+00
  8.850002E-02	  2.502882E+00
  8.860002E-02	  2.504968E+00
  8.870002E-02	  2.507057E+00
  8.880002E-02	  2.509148E+00
  8.890002E-02	  2.511241E+00
  8.900002E-02	  2.513337E+00
  8.910002E-02	  2.515434E+00
  8.920002E-02	  2.517534E+00
  8.930002E-02	  2.519636E+00
  8.940002E-02	  2.521739E+00
  8.950002E-02	  2.523845E+00
  8.960002E-02	  2.525954E+00
  8.970002E-02	  2.528064E+00
  8.980002E-02	  2.530176E+00
  8.990002E-02	  2.532291E+00
  9.000002E-02	  2.534408E+00
  9.010002E-02	  2.536526E+00
  9.020002E-02	  2.538647E+00
  9.030002E-02	  2.540770E+00
  9.040002E-02	  2.542896E+00
  9.050002E-02	  2.545023E+00
  9.060002E-02	  2.547152E+00
  9.070002E-02	  2.549284E+00
  9.080002E-02	  2.551418E+00
  9.090002E-02	  2.553554E+00
  9.100002E-02	  2.555692E+00
  9.110002E-02	  2.557832E+00
  9.120002E-02	  2.559974E+00
  9.130002E-02	  2.562118E+00
  9.140002E-02	  2.564265E+00
  9.150002E-02	  2.566413E+00
  9.160002E-02	  2.568564E+00
  9.170002E-02	  2.570717E+00
  9.180002E-02	  2.572872E+00
  9.190002E-02	  2.575029E+00
  9.200002E-02	  2.577188E+00
  9.210002E-02	  2.579350E+00
  9.220002E-02	  2.581513E+00
  9.230002E-02	  2.583679E+00
  9.240002E-02	  2.585846E+00
  9.250002E-02	  2.588016E+00
  9.260002E-02	  2.590188E+00
  9.270002E-02	  2.592362E+00
  9.280002E-02	  2.594538E+00
  9.290002E-02	  2.596716E+00
  9.300002E-02	  2.598897E+00
  9.310002E-02	  2.601079E+00
  9.320002E-02	  2.603264E+00
  9.330002E-02	  2.605451E+00
  9.340002E-02	  2.607639E+00
  9.350002E-02	  2.609830E+00
  9.360002E-02	  2.612023E+00
  9.370002E-02	  2.614218E+00
  9.380002E-02	  2.616416E+00
  9.390002E-02	  2.618615E+00
  9.400002E-02	  2.620816E+00
  9.410002E-02	  2.623020E+00
  9.420002E-02	  2.625226E+00
  9.430002E-02	  2.627433E+00
  9.440002E-02	  2.629643E+00
  9.450002E-02	  2.631855E+00
  9.460002E-02	  2.634069E+00
  9.470002E-02	  2.636285E+00
  9.480002E-02	  2.638504E+00
  9.490002E-02	  2.640724E+00
  9.500002E-02	  2.642947E+00
  9.510002E-02	  2.645171E+00
  9.520002E-02	  2.647398E+00
  9.530002E-02	  2.649627E+00
  9.540002E-02	  2.651857E+00
  9.550002E-02	  2.654090E+00
  9.560002E-02	  2.656325E+00
  9.570002E-02	  2.658563E+00
  9.580002E-02	  2.660802E+00
  9.590002E-02	  2.663043E+00
  9.600002E-02	  2.665286E+00
  9.610002E-02	  2.667532E+00
  9.620002E-02	  2.669780E+00
  9.630002E-02	  2.672029E+00
  9.640002E-02	  2.674281E+00
  9.650002E-02	  2.676535E+00
  9.660002E-02	  2.678791E+00
  9.670002E-02	  2.681049E+00
  9.680002E-02	  2.683309E+00
  9.690002E-02	  2.685571E+00
  9.700002E-02	  2.687835E+00
  9.710002E-02	  2.690102E+00
  9.720002E-02	  2.692370E+00
  9.730002E-02	  2.694641E+00
  9.740002E-02	  2.696913E+00
  9.750002E-02	  2.699188E+00
  9.760002E-02	  2.701465E+00
  9.770002E-02	  2.703743E+00
  9.780002E-02	  2.706024E+00
  9.790002E-02	  2.708307E+00
  9.800002E-02	  2.710592E+00
  9.810002E-02	  2.712880E+00
  9.820002E-02	  2.715169E+00
  9.830002E-02	  2.717460E+00
  9.840003E-02	  2.719753E+00
  9.850003E-02	  2.722049E+00
  9.860003E-02	  2.724346E+00
  9.870003E-02	  2.726646E+00
  9.880003E-02	  2.728948E+00
  9.890003E-02	  2.731251E+00
  9.900003E-02	  2.733557E+00
  9.910003E-02	  2.735865E+00
  9.920003E-02	  2.738175E+00
  9.930003E-02	  2.740487E+00
  9.940003E-02	  2.742801E+00
  9.950003E-02	  2.745117E+00
  9.960003E-02	  2.747435E+00
  9.970003E-02	  2.749755E+00
  9.980003E-02	  2.752078E+00
  9.990003E-02	  2.754402E+00
  1.000000E-01	  2.756729E+00
  1.001000E-01	  2.759057E+00
  1.002000E-01	  2.761388E+00
  1.003000E-01	  2.763720E+00
  1.004000E-01	  2.766055E+00
  1.005000E-01	  2.768392E+00
  1.006000E-01	  2.770730E+00
  1.007000E-01	  2.773071E+00
  1.008000E-01	  2.775414E+00
  1.009000E-01	  2.777759E+00
  1.010000E-01	  2.780106E+00
  1.011000E-01	  2.782455E+00
  1.012000E-01	  2.784806E+00
  1.013000E-01	  2.787159E+00
  1.014000E-01	  2.789514E+00
  1.015000E-01	  2.791872E+00
  1.016000E-01	  2.794231E+00
  1.017000E-01	  2.796592E+00
  1.018000E-01	  2.798956E+00
  1.019000E-01	  2.801321E+00
  1.020000E-01	  2.803689E+00
  1.021000E-01	  2.806058E+00
  1.022000E-01	  2.808430E+00
  1.023000E-01	  2.810803E+00
